# Time-averaged data for fix PEAve
# TimeStep v_PotEn
100000 -20140.1
200000 -20132.7
300000 -20146
400000 -20149.2
500000 -20145.7
600000 -20141.5
700000 -20135.3
800000 -20151.2
900000 -20148.9
1000000 -20136.2
1100000 -20136.3
1200000 -20139.5
1300000 -20144.3
1400000 -20141.5
1500000 -20141.3
1600000 -20145.5
1700000 -20141.9
1800000 -20134.5
1900000 -20135.6
2000000 -20137.4
2100000 -20136.9
2200000 -20141.7
2300000 -20140.8
2400000 -20135.8
2500000 -20137.3
2600000 -20143
2700000 -20132.6
2800000 -20136.9
2900000 -20132.7
3000000 -20138.4
3100000 -20146.2
3200000 -20140
3300000 -20139.8
3400000 -20133.7
3500000 -20134.5
3600000 -20141.2
3700000 -20137
3800000 -20145
3900000 -20135.7
4000000 -20146.1
4100000 -20140.6
4200000 -20149.7
4300000 -20146.5
4400000 -20145.1
4500000 -20141.3
4600000 -20137.3
4700000 -20144.8
4800000 -20146.4
4900000 -20142.7
5000000 -20142.5
5100000 -20143
5200000 -20148.2
5300000 -20144
5400000 -20143.9
5500000 -20142.8
5600000 -20137.5
5700000 -20147.1
5800000 -20152.4
5900000 -20138.3
6000000 -20147
6100000 -20132
6200000 -20143.2
6300000 -20144.2
6400000 -20138.7
6500000 -20138
6600000 -20150.4
6700000 -20143.4
6800000 -20141.7
6900000 -20138.7
7000000 -20135.1
7100000 -20139.9
7200000 -20139.6
7300000 -20136.9
7400000 -20140
7500000 -20142
7600000 -20142.4
7700000 -20138.9
7800000 -20133.9
7900000 -20141.8
8000000 -20142.2
8100000 -20141.6
8200000 -20139.3
8300000 -20152.8
8400000 -20147
8500000 -20138.8
8600000 -20130.9
8700000 -20137
8800000 -20138.5
8900000 -20146.7
9000000 -20144.4
9100000 -20147.3
9200000 -20144.5
9300000 -20141.3
9400000 -20139.7
9500000 -20149.9
9600000 -20141.8
9700000 -20138.1
9800000 -20147.7
9900000 -20141.7
10000000 -20136
10100000 -20133.6
10200000 -20129.3
10300000 -20130.8
10400000 -20140.5
10500000 -20136.8
10600000 -20134.7
10700000 -20142.8
10800000 -20140.4
10900000 -20129.7
11000000 -20127.8
11100000 -20137.7
11200000 -20136.6
11300000 -20132.4
11400000 -20135.8
11500000 -20133.2
11600000 -20138.1
11700000 -20133.3
11800000 -20140.8
11900000 -20141
12000000 -20144.8
12100000 -20137.8
12200000 -20141.4
12300000 -20147.5
12400000 -20134.6
12500000 -20143.9
12600000 -20146.9
12700000 -20151.3
12800000 -20143.3
12900000 -20138.3
13000000 -20137.8
13100000 -20151.1
13200000 -20145.9
13300000 -20125.9
13400000 -20142.9
13500000 -20145.1
13600000 -20140.9
13700000 -20148.6
13800000 -20153.2
13900000 -20142
14000000 -20143.7
14100000 -20142.1
14200000 -20136.4
14300000 -20136.8
14400000 -20148
14500000 -20140.6
14600000 -20149.7
14700000 -20139.5
14800000 -20146.6
14900000 -20145.3
15000000 -20142.2
15100000 -20137
15200000 -20141.6
15300000 -20140.5
15400000 -20137.5
15500000 -20142.6
15600000 -20139.5
15700000 -20127.4
15800000 -20138.5
15900000 -20137.5
16000000 -20141.7
16100000 -20142.8
16200000 -20140.9
16300000 -20141.9
16400000 -20133.4
16500000 -20141.1
16600000 -20137.4
16700000 -20136.7
16800000 -20136.3
16900000 -20143.5
17000000 -20138.8
17100000 -20147.5
17200000 -20144.2
17300000 -20148.4
17400000 -20134.3
17500000 -20141.4
17600000 -20143.3
17700000 -20136.3
17800000 -20140.3
17900000 -20135.6
18000000 -20136.8
18100000 -20140
18200000 -20145.4
18300000 -20138
18400000 -20144.6
18500000 -20141.5
18600000 -20130.3
18700000 -20137
18800000 -20143.6
18900000 -20141.1
19000000 -20140.5
19100000 -20138.5
19200000 -20141.9
19300000 -20143.6
19400000 -20138
19500000 -20138.1
19600000 -20143.5
19700000 -20145.6
19800000 -20143.9
19900000 -20135.5
20000000 -20146.7
20100000 -20145.5
20200000 -20145.5
20300000 -20140.7
20400000 -20146.7
20500000 -20143.8
20600000 -20127.9
20700000 -20147.3
20800000 -20136.2
20900000 -20142.7
21000000 -20134.1
21100000 -20138.1
21200000 -20127.7
21300000 -20134.1
21400000 -20141.2
21500000 -20137.2
21600000 -20144.1
21700000 -20144.1
21800000 -20139.5
21900000 -20136.4
22000000 -20141.3
22100000 -20135.4
22200000 -20133
22300000 -20137
22400000 -20140.8
22500000 -20144
22600000 -20144.1
22700000 -20143.7
22800000 -20142.2
22900000 -20142.2
23000000 -20138.8
23100000 -20147.9
23200000 -20147.6
23300000 -20140.1
23400000 -20137.4
23500000 -20143.6
23600000 -20137.1
23700000 -20140.2
23800000 -20140.8
23900000 -20141.8
24000000 -20140.1
24100000 -20132.6
24200000 -20137.5
24300000 -20140
24400000 -20139.4
24500000 -20138.1
24600000 -20149.4
24700000 -20142.8
24800000 -20144.3
24900000 -20136.4
25000000 -20141.5
25100000 -20144.7
25200000 -20149.6
25300000 -20144.1
25400000 -20146.7
25500000 -20136
25600000 -20138.7
25700000 -20136
25800000 -20146.4
25900000 -20138.8
26000000 -20140.3
26100000 -20143.1
26200000 -20147.8
26300000 -20147.3
26400000 -20140.6
26500000 -20146
26600000 -20137.7
26700000 -20141
26800000 -20141.9
26900000 -20144.7
27000000 -20146.1
27100000 -20130.3
27200000 -20148.3
27300000 -20139.7
27400000 -20146.5
27500000 -20146.4
27600000 -20145.5
27700000 -20143.2
27800000 -20141.9
27900000 -20139.8
28000000 -20135
28100000 -20142
28200000 -20134.5
28300000 -20140.7
28400000 -20143.9
28500000 -20148.6
28600000 -20132.8
28700000 -20137.4
28800000 -20135.8
28900000 -20140.2
29000000 -20136.8
29100000 -20141.7
29200000 -20140
29300000 -20135.4
29400000 -20148.4
29500000 -20134
29600000 -20136.9
29700000 -20134
29800000 -20145.5
29900000 -20131.9
30000000 -20143.5
30100000 -20144.5
30200000 -20144.4
30300000 -20143
30400000 -20139.2
30500000 -20136.5
30600000 -20147.6
30700000 -20145
30800000 -20139.2
30900000 -20137.4
31000000 -20141.8
31100000 -20144.7
31200000 -20141.2
31300000 -20140.1
31400000 -20149.2
31500000 -20135.5
31600000 -20134.1
31700000 -20135.3
31800000 -20141.2
31900000 -20137.8
32000000 -20141.5
32100000 -20137
32200000 -20140.4
32300000 -20143.8
32400000 -20146.9
32500000 -20141.1
32600000 -20135.6
32700000 -20143.1
32800000 -20134.1
32900000 -20134.8
33000000 -20135.9
33100000 -20141.5
33200000 -20135.5
33300000 -20138.1
33400000 -20142.5
33500000 -20137
33600000 -20138.8
33700000 -20140.3
33800000 -20141
33900000 -20143.4
34000000 -20152.3
34100000 -20137.8
34200000 -20140.8
34300000 -20140.7
34400000 -20146.1
34500000 -20138.2
34600000 -20146.7
34700000 -20153.7
34800000 -20144.4
34900000 -20142.8
35000000 -20138.4
35100000 -20142.1
35200000 -20145.8
35300000 -20141.1
35400000 -20145.1
35500000 -20144.6
35600000 -20133.5
35700000 -20138.5
35800000 -20142.9
35900000 -20149.3
36000000 -20142.4
36100000 -20147.7
36200000 -20141.5
36300000 -20140.1
36400000 -20144.9
36500000 -20143.6
36600000 -20133.9
36700000 -20138.2
36800000 -20138
36900000 -20137.6
37000000 -20136.8
37100000 -20146.6
37200000 -20131.4
37300000 -20145
37400000 -20137.8
37500000 -20148.1
37600000 -20141.3
37700000 -20141.9
37800000 -20135.4
37900000 -20137.7
38000000 -20143.2
38100000 -20140.5
38200000 -20144.4
38300000 -20144.1
38400000 -20143.1
38500000 -20142.2
38600000 -20140.2
38700000 -20136.4
38800000 -20141.9
38900000 -20145
39000000 -20142.1
39100000 -20138.2
39200000 -20140.4
39300000 -20148.4
39400000 -20147.1
39500000 -20140.4
39600000 -20133.1
39700000 -20144.9
39800000 -20128
39900000 -20146.7
40000000 -20136
40100000 -20137.2
40200000 -20136
40300000 -20145
40400000 -20134.1
40500000 -20144.8
40600000 -20134.7
40700000 -20135.5
40800000 -20142
40900000 -20143.7
41000000 -20150.8
41100000 -20152.7
41200000 -20142
41300000 -20140.1
41400000 -20145.1
41500000 -20148.3
41600000 -20132.4
41700000 -20133.8
41800000 -20143.7
41900000 -20143.9
42000000 -20138.3
42100000 -20140.5
42200000 -20143.9
42300000 -20141.3
42400000 -20143.9
42500000 -20149.1
42600000 -20142
42700000 -20137.8
42800000 -20139.9
42900000 -20132.3
43000000 -20140.3
43100000 -20136.8
43200000 -20152.1
43300000 -20136.1
43400000 -20140.2
43500000 -20142
43600000 -20148.7
43700000 -20132.5
43800000 -20135.9
43900000 -20141.2
44000000 -20136.7
44100000 -20142
44200000 -20135.3
44300000 -20148.1
44400000 -20142.8
44500000 -20141.3
44600000 -20141.4
44700000 -20139.1
44800000 -20129.2
44900000 -20141.7
45000000 -20145
45100000 -20142.6
45200000 -20146.5
45300000 -20142.4
45400000 -20145.2
45500000 -20145.6
45600000 -20140.1
45700000 -20143.9
45800000 -20133.8
45900000 -20142.9
46000000 -20143
46100000 -20140
46200000 -20154.1
46300000 -20140.4
46400000 -20141.6
46500000 -20147.1
46600000 -20139.5
46700000 -20133.4
46800000 -20134.2
46900000 -20136.5
47000000 -20135.9
47100000 -20140.2
47200000 -20140.1
47300000 -20124.3
47400000 -20135.9
47500000 -20141.6
47600000 -20145.3
47700000 -20141.6
47800000 -20140.6
47900000 -20137.5
48000000 -20141.7
48100000 -20139.2
48200000 -20140.6
48300000 -20149.5
48400000 -20135.8
48500000 -20148.2
48600000 -20142.3
48700000 -20138.8
48800000 -20146.3
48900000 -20141.1
49000000 -20144.3
49100000 -20145.4
49200000 -20136.9
49300000 -20135.4
49400000 -20142.3
49500000 -20137.3
49600000 -20148.4
49700000 -20129.4
49800000 -20140.6
49900000 -20142.5
50000000 -20145.9
50100000 -20131.7
50200000 -20138.5
50300000 -20135.1
50400000 -20141
50500000 -20134.3
50600000 -20136.3
50700000 -20137.6
50800000 -20137.9
50900000 -20148.8
51000000 -20145.4
51100000 -20141.6
51200000 -20144.5
51300000 -20139.6
51400000 -20142.2
51500000 -20148.6
51600000 -20131.7
51700000 -20139.5
51800000 -20140.7
51900000 -20141.8
52000000 -20139.3
52100000 -20136.8
52200000 -20139.4
52300000 -20131.2
52400000 -20139.4
52500000 -20135.4
52600000 -20138.1
52700000 -20132.2
52800000 -20145.2
52900000 -20136.4
53000000 -20135.7
53100000 -20136.1
53200000 -20144.6
53300000 -20146.5
53400000 -20143
53500000 -20146.4
53600000 -20141.6
53700000 -20135
53800000 -20138
53900000 -20133.8
54000000 -20140.5
54100000 -20141.2
54200000 -20150.9
54300000 -20132.7
54400000 -20140.9
54500000 -20136.8
54600000 -20143.6
54700000 -20141.4
54800000 -20134.2
54900000 -20141.9
55000000 -20139.1
55100000 -20138.9
55200000 -20137.4
55300000 -20136.6
55400000 -20144.5
55500000 -20142.3
55600000 -20142.7
55700000 -20139.3
55800000 -20138
55900000 -20136.3
56000000 -20150.2
56100000 -20142.4
56200000 -20136.9
56300000 -20134.9
56400000 -20140
56500000 -20146.1
56600000 -20157.8
56700000 -20145.8
56800000 -20142
56900000 -20145.2
57000000 -20137.3
57100000 -20136.6
57200000 -20135.2
57300000 -20142.3
57400000 -20140.7
57500000 -20143.7
57600000 -20142.2
57700000 -20133.4
57800000 -20139.8
57900000 -20142.8
58000000 -20141.7
58100000 -20141.8
58200000 -20142
58300000 -20145.6
58400000 -20138.8
58500000 -20145.6
58600000 -20142.7
58700000 -20146.4
58800000 -20145.4
58900000 -20152.2
59000000 -20138.8
59100000 -20136.7
59200000 -20146.3
59300000 -20141.3
59400000 -20147.9
59500000 -20142.3
59600000 -20148.1
59700000 -20141.7
59800000 -20137.6
59900000 -20143.1
60000000 -20129.6
60100000 -20141.1
60200000 -20136.2
60300000 -20140.9
60400000 -20137.8
60500000 -20140.6
60600000 -20132.7
60700000 -20148.3
60800000 -20132
60900000 -20135.1
61000000 -20135.5
61100000 -20128.8
61200000 -20156.4
61300000 -20141.8
61400000 -20143.2
61500000 -20142.4
61600000 -20140.5
61700000 -20142.2
61800000 -20133.4
61900000 -20152.1
62000000 -20131.8
62100000 -20136
62200000 -20148.2
62300000 -20134.1
62400000 -20141.3
62500000 -20150.4
62600000 -20137.6
62700000 -20136.2
62800000 -20137.9
62900000 -20141.3
63000000 -20144.7
63100000 -20150.5
63200000 -20151.6
63300000 -20142.9
63400000 -20147.5
63500000 -20135.7
63600000 -20133.6
63700000 -20141.4
63800000 -20137.5
63900000 -20137.8
64000000 -20144.1
64100000 -20133.9
64200000 -20143.1
64300000 -20132.4
64400000 -20145.9
64500000 -20144.3
64600000 -20142.2
64700000 -20141.1
64800000 -20130.8
64900000 -20137.8
65000000 -20142.7
65100000 -20145.7
65200000 -20139.8
65300000 -20151.8
65400000 -20133.4
65500000 -20143.7
65600000 -20131.7
65700000 -20147
65800000 -20147.2
65900000 -20150.4
66000000 -20144.6
66100000 -20141.5
66200000 -20140
66300000 -20143.1
66400000 -20151.7
66500000 -20141.7
66600000 -20137.5
66700000 -20146.5
66800000 -20141.6
66900000 -20135.7
67000000 -20138.3
67100000 -20142
67200000 -20137.4
67300000 -20131.1
67400000 -20144
67500000 -20138.2
67600000 -20137
67700000 -20140.3
67800000 -20141
67900000 -20151.7
68000000 -20140.4
68100000 -20141.2
68200000 -20147.9
68300000 -20132.3
68400000 -20141.1
68500000 -20143.2
68600000 -20141.2
68700000 -20138.5
68800000 -20150.5
68900000 -20143.8
69000000 -20146.2
69100000 -20146.2
69200000 -20141.1
69300000 -20148.3
69400000 -20141
69500000 -20145.4
69600000 -20132.3
69700000 -20142.8
69800000 -20141.7
69900000 -20149.6
70000000 -20134.8
70100000 -20145
70200000 -20139.9
70300000 -20146.5
70400000 -20142.2
70500000 -20145.2
70600000 -20127.4
70700000 -20142.7
70800000 -20137.4
70900000 -20145.8
71000000 -20139.5
71100000 -20130.8
71200000 -20156.4
71300000 -20135.1
71400000 -20143.7
71500000 -20149.5
71600000 -20136.8
71700000 -20144.4
71800000 -20139.2
71900000 -20136.7
72000000 -20134.4
72100000 -20135.7
72200000 -20131.6
72300000 -20147.1
72400000 -20143.7
72500000 -20147.4
72600000 -20129.2
72700000 -20138
72800000 -20143.3
72900000 -20147.2
73000000 -20140.9
73100000 -20136.4
73200000 -20135.1
73300000 -20150.6
73400000 -20149.1
73500000 -20140.7
73600000 -20138
73700000 -20140.3
73800000 -20130.1
73900000 -20145.6
74000000 -20145.9
74100000 -20143.2
74200000 -20136.8
74300000 -20144.3
74400000 -20141.8
74500000 -20138.8
74600000 -20143.7
74700000 -20135.5
74800000 -20141.2
74900000 -20147.8
75000000 -20135.2
75100000 -20141.6
75200000 -20136.5
75300000 -20130.2
75400000 -20145.4
75500000 -20135.2
75600000 -20144.3
75700000 -20149
75800000 -20140.4
75900000 -20144.4
76000000 -20150
76100000 -20134
76200000 -20145.2
76300000 -20144.7
76400000 -20147.1
76500000 -20136.7
76600000 -20139.6
76700000 -20135.9
76800000 -20140.2
76900000 -20133.9
77000000 -20139.4
77100000 -20131.8
77200000 -20143.2
77300000 -20134
77400000 -20138.7
77500000 -20135
77600000 -20138.6
77700000 -20137.4
77800000 -20140.4
77900000 -20142.6
78000000 -20149.8
78100000 -20132.7
78200000 -20144.4
78300000 -20142.2
78400000 -20146.2
78500000 -20127.6
78600000 -20140.5
78700000 -20145.9
78800000 -20146.3
78900000 -20147.2
79000000 -20142.9
79100000 -20147.1
79200000 -20141.8
79300000 -20143.3
79400000 -20154.4
79500000 -20140.4
79600000 -20141.9
79700000 -20143.9
79800000 -20137.1
79900000 -20127.2
80000000 -20137
80100000 -20139.2
80200000 -20132.8
80300000 -20138.4
80400000 -20138.9
80500000 -20146.9
80600000 -20139
80700000 -20145.2
80800000 -20137.3
80900000 -20137.1
81000000 -20144.4
81100000 -20139.8
81200000 -20145.8
81300000 -20139
81400000 -20141.3
81500000 -20138.9
81600000 -20132.4
81700000 -20135.2
81800000 -20138.9
81900000 -20143.1
82000000 -20137.8
82100000 -20149.4
82200000 -20136.2
82300000 -20145.2
82400000 -20139.5
82500000 -20136.2
82600000 -20137
82700000 -20140.5
82800000 -20138.1
82900000 -20146.5
83000000 -20145.6
83100000 -20136.8
83200000 -20145.4
83300000 -20144.4
83400000 -20137.7
83500000 -20148.9
83600000 -20149.8
83700000 -20140.4
83800000 -20134
83900000 -20145
84000000 -20148.3
84100000 -20138.9
84200000 -20143.8
84300000 -20135.6
84400000 -20138.8
84500000 -20134.7
84600000 -20136.4
84700000 -20140
84800000 -20137.3
84900000 -20141.6
85000000 -20144.5
85100000 -20137.6
85200000 -20138.1
85300000 -20142.7
85400000 -20136.8
85500000 -20147.7
85600000 -20140.7
85700000 -20138.4
85800000 -20149.6
85900000 -20143.5
86000000 -20138.8
86100000 -20145.3
86200000 -20135.3
86300000 -20138.1
86400000 -20145.1
86500000 -20143.6
86600000 -20134.5
86700000 -20137.1
86800000 -20140.5
86900000 -20135.7
87000000 -20152.1
87100000 -20147.2
87200000 -20141.6
87300000 -20130.6
87400000 -20139.6
87500000 -20135.9
87600000 -20141.1
87700000 -20145.8
87800000 -20142.9
87900000 -20139.9
88000000 -20139.9
88100000 -20134.6
88200000 -20142.7
88300000 -20137.5
88400000 -20145.2
88500000 -20141.2
88600000 -20137.4
88700000 -20142
88800000 -20137
88900000 -20137.5
89000000 -20141.2
89100000 -20144.5
89200000 -20136.2
89300000 -20138.6
89400000 -20141.4
89500000 -20148.7
89600000 -20144.4
89700000 -20142.6
89800000 -20134.7
89900000 -20132.7
90000000 -20134.3
90100000 -20145.9
90200000 -20133.3
90300000 -20144.6
90400000 -20140
90500000 -20143.6
90600000 -20153
90700000 -20131.7
90800000 -20142.5
90900000 -20152.2
91000000 -20134.7
91100000 -20145.2
91200000 -20142.2
91300000 -20147.5
91400000 -20137.8
91500000 -20140.3
91600000 -20144
91700000 -20143.4
91800000 -20137.3
91900000 -20145
92000000 -20136.8
92100000 -20141.7
92200000 -20141.9
92300000 -20147.9
92400000 -20141.7
92500000 -20141.8
92600000 -20143.9
92700000 -20141.3
92800000 -20148.1
92900000 -20132.3
93000000 -20129.2
93100000 -20133.9
93200000 -20143.2
93300000 -20144
93400000 -20137.2
93500000 -20146.2
93600000 -20140.5
93700000 -20140.9
93800000 -20135.3
93900000 -20136
94000000 -20140
94100000 -20137.7
94200000 -20137.3
94300000 -20141.6
94400000 -20139.6
94500000 -20147.5
94600000 -20144.6
94700000 -20132.6
94800000 -20144.8
94900000 -20146
95000000 -20131.6
95100000 -20143.5
95200000 -20128.7
95300000 -20139.3
95400000 -20151.3
95500000 -20135.4
95600000 -20137.5
95700000 -20141.6
95800000 -20139.8
95900000 -20146.9
96000000 -20134.9
96100000 -20137.2
96200000 -20145.8
96300000 -20146.1
96400000 -20135.3
96500000 -20138.8
96600000 -20139.3
96700000 -20136.2
96800000 -20140.5
96900000 -20142.1
97000000 -20139.6
97100000 -20138.7
97200000 -20136.1
97300000 -20142.7
97400000 -20141.7
97500000 -20145.8
97600000 -20145.1
97700000 -20136.3
97800000 -20141.6
97900000 -20141.4
98000000 -20140.3
98100000 -20145.3
98200000 -20147.2
98300000 -20140.4
98400000 -20142.6
98500000 -20144.6
98600000 -20139.4
98700000 -20141.3
98800000 -20144.6
98900000 -20143.9
99000000 -20140.3
99100000 -20141.2
99200000 -20136.6
99300000 -20130.8
99400000 -20140.8
99500000 -20142.9
99600000 -20133.7
99700000 -20141.6
99800000 -20138.2
99900000 -20149.7
100000000 -20144.8
