# Time-averaged data for fix PressAve
# TimeStep c_P
100000 -17.2511
200000 -32.6166
300000 -18.7108
400000 -11.4988
500000 24.0203
600000 8.51449
700000 -13.4285
800000 24.1779
900000 14.1765
1000000 17.1533
1100000 -48.9412
1200000 0.867265
1300000 -30.3698
1400000 -35.9541
1500000 15.3682
1600000 -43.3663
1700000 14.7701
1800000 1.98808
1900000 2.44702
2000000 12.2
2100000 -4.85824
2200000 -25.8862
2300000 -9.71868
2400000 -6.35045
2500000 -2.92974
2600000 19.3939
2700000 -13.982
2800000 -21.6853
2900000 -15.9372
3000000 -23.3049
3100000 6.06416
3200000 -1.01371
3300000 5.92762
3400000 -14.1463
3500000 -21.7192
3600000 -7.45853
3700000 -34.6889
3800000 -9.5004
3900000 -19.4837
4000000 16.2908
4100000 -25.4365
4200000 25.0811
4300000 -8.69685
4400000 0.959227
4500000 13.6413
4600000 -0.364987
4700000 -18.2574
4800000 -11.4316
4900000 -12.1609
5000000 -11.5589
5100000 29.4182
5200000 -7.23854
5300000 -40.7247
5400000 15.0539
5500000 17.2812
5600000 -16.8582
5700000 15.8459
5800000 -11.0555
5900000 -35.8454
6000000 -19.1578
6100000 -8.34648
6200000 -37.0201
6300000 -46.9498
6400000 22.7027
6500000 -55.2632
6600000 7.55879
6700000 -1.01699
6800000 -0.992613
6900000 -3.14912
7000000 -38.4563
7100000 -36.1795
7200000 -30.7532
7300000 18.8032
7400000 -49.5663
7500000 17.6485
7600000 -0.428319
7700000 -1.86844
7800000 24.6435
7900000 -28.092
8000000 -8.68737
8100000 -36.6376
8200000 30.6875
8300000 -10.9679
8400000 1.73736
8500000 -28.407
8600000 -15.9865
8700000 -19.6331
8800000 -7.85172
8900000 19.7522
9000000 -22.3852
9100000 8.43821
9200000 -8.60901
9300000 6.82151
9400000 -4.67788
9500000 19.5248
9600000 -21.1345
9700000 -30.0948
9800000 9.8369
9900000 -27.8281
10000000 -10.168
10100000 -25.5354
10200000 2.29322
10300000 13.6215
10400000 -21.4551
10500000 14.1838
10600000 -25.454
10700000 8.06091
10800000 -33.5049
10900000 22.9376
11000000 -18.595
11100000 23.7589
11200000 -19.0061
11300000 -34.2387
11400000 0.0251094
11500000 6.44983
11600000 0.452467
11700000 -28.5307
11800000 8.20794
11900000 -5.44641
12000000 4.26036
12100000 -18.5959
12200000 -29.5146
12300000 6.78597
12400000 -13.6638
12500000 -3.15534
12600000 -52.0884
12700000 1.91615
12800000 -19.4506
12900000 -13.806
13000000 -30.8969
13100000 -31.6443
13200000 -28.1148
13300000 -42.4971
13400000 2.34391
13500000 1.01642
13600000 -5.3585
13700000 36.7618
13800000 3.36839
13900000 -37.9018
14000000 -0.209634
14100000 -0.812482
14200000 -1.45593
14300000 -14.907
14400000 -4.22615
14500000 6.70112
14600000 -6.13054
14700000 -27.3935
14800000 -3.71933
14900000 15.2091
15000000 29.9094
15100000 23.2697
15200000 9.69778
15300000 2.82834
15400000 4.56262
15500000 1.75282
15600000 4.46006
15700000 -25.2753
15800000 -0.076198
15900000 -5.03782
16000000 -6.11127
16100000 -5.9615
16200000 17.7767
16300000 25.5762
16400000 -29.5413
16500000 -1.71151
16600000 23.1664
16700000 -36.1405
16800000 7.32984
16900000 17.9186
17000000 20.3847
17100000 -12.8313
17200000 29.2574
17300000 14.9644
17400000 5.84387
17500000 1.14962
17600000 0.301399
17700000 -17.3516
17800000 0.256887
17900000 1.68524
18000000 -24.577
18100000 21.4088
18200000 30.4134
18300000 -23.669
18400000 5.19226
18500000 14.7135
18600000 -1.72345
18700000 14.0403
18800000 -3.52414
18900000 0.0140032
19000000 -19.3519
19100000 2.33105
19200000 15.3057
19300000 -10.2592
19400000 -23.6209
19500000 -18.4423
19600000 1.8365
19700000 -23.7715
19800000 -32.1028
19900000 -0.745395
20000000 -7.96428
20100000 12.4839
20200000 20.3938
20300000 -29.2169
20400000 1.12529
20500000 8.75494
20600000 7.09211
20700000 8.24733
20800000 13.3488
20900000 -10.5055
21000000 27.4743
21100000 -12.7499
21200000 -26.4799
21300000 -32.5766
21400000 1.57874
21500000 -47.585
21600000 67.2859
21700000 -14.422
21800000 -11.4567
21900000 -0.454163
22000000 11.8619
22100000 1.51301
22200000 -36.8927
22300000 24.4727
22400000 -34.4846
22500000 2.49001
22600000 15.0574
22700000 8.05039
22800000 35.6108
22900000 -15.6236
23000000 -17.9926
23100000 -5.58164
23200000 -33.6645
23300000 14.0638
23400000 -0.797008
23500000 18.5665
23600000 1.01792
23700000 20.0816
23800000 -18.7283
23900000 -0.169639
24000000 27.0546
24100000 -4.67142
24200000 -8.95681
24300000 -20.7484
24400000 -5.72846
24500000 24.7147
24600000 9.65771
24700000 2.40169
24800000 9.75002
24900000 6.18904
25000000 -1.16476
25100000 -7.20803
25200000 -16.9139
25300000 -17.5093
25400000 -7.74138
25500000 -33.2371
25600000 18.86
25700000 -18.0699
25800000 18.779
25900000 10.5339
26000000 -7.26339
26100000 -17.3611
26200000 33.2529
26300000 6.70707
26400000 21.4264
26500000 -38.8151
26600000 -53.9988
26700000 7.04144
26800000 -26.1351
26900000 19.7813
27000000 36.2015
27100000 -34.4231
27200000 -14.7331
27300000 -12.6678
27400000 27.5935
27500000 -25.8333
27600000 17.1935
27700000 6.00606
27800000 -27.1777
27900000 -23.5733
28000000 23.956
28100000 47.7901
28200000 15.9364
28300000 16.0001
28400000 24.7872
28500000 0.81497
28600000 8.47801
28700000 -17.8512
28800000 -18.9379
28900000 -9.49738
29000000 -36.7532
29100000 -20.8129
29200000 -21.7292
29300000 21.3636
29400000 23.1786
29500000 -17.1445
29600000 -40.7781
29700000 -6.75187
29800000 -2.49178
29900000 -0.492801
30000000 1.39937
30100000 10.6009
30200000 26.5753
30300000 -1.1955
30400000 -2.31499
30500000 8.92155
30600000 44.0205
30700000 -8.95205
30800000 -21.3701
30900000 14.1248
31000000 -10.5835
31100000 24.9271
31200000 -47.2019
31300000 -10.3585
31400000 -0.827971
31500000 -15.0125
31600000 -37.3307
31700000 -56.1404
31800000 21.1713
31900000 -13.1171
32000000 17.262
32100000 9.73693
32200000 -22.7852
32300000 12.1278
32400000 10.3826
32500000 -24.6917
32600000 -32.2738
32700000 9.60871
32800000 2.47284
32900000 -32.5293
33000000 3.67171
33100000 -19.8923
33200000 26.9726
33300000 14.0037
33400000 10.262
33500000 7.19231
33600000 24.8345
33700000 41.6883
33800000 -4.68693
33900000 10.0764
34000000 -7.51738
34100000 -5.08006
34200000 -8.00741
34300000 2.42442
34400000 -37.986
34500000 13.3984
34600000 9.43684
34700000 31.0449
34800000 9.08618
34900000 -9.91899
35000000 -16.769
35100000 -37.382
35200000 -9.15275
35300000 -10.5465
35400000 11.7773
35500000 3.44152
35600000 -30.0469
35700000 -17.4568
35800000 22.9068
35900000 -16.7579
36000000 -3.72073
36100000 -28.1212
36200000 -17.9773
36300000 -28.8043
36400000 2.31945
36500000 -7.10478
36600000 -25.5994
36700000 13.2542
36800000 -2.47617
36900000 11.3086
37000000 -16.9295
37100000 22.5225
37200000 -5.73665
37300000 -47.9375
37400000 -30.3491
37500000 -5.05885
37600000 20.4733
37700000 -8.42112
37800000 -2.98576
37900000 16.6106
38000000 14.8707
38100000 -22.0243
38200000 -40.8718
38300000 -45.3375
38400000 -32.6883
38500000 21.5865
38600000 -8.70803
38700000 -2.00811
38800000 -28.0273
38900000 7.82999
39000000 -11.1067
39100000 -9.65548
39200000 4.61148
39300000 -12.2427
39400000 -14.5849
39500000 -2.96877
39600000 -12.2632
39700000 17.6566
39800000 34.5307
39900000 -12.8147
40000000 28.8197
40100000 -2.08209
40200000 -17.162
40300000 24.8903
40400000 4.38077
40500000 7.01707
40600000 2.3897
40700000 -15.7315
40800000 -10.4824
40900000 -20.1049
41000000 2.45979
41100000 -15.6048
41200000 36.8233
41300000 33.226
41400000 -20.0366
41500000 -10.3926
41600000 -38.7239
41700000 8.60553
41800000 5.20292
41900000 -21.7273
42000000 6.35332
42100000 -22.5313
42200000 -11.5236
42300000 -4.86448
42400000 4.51439
42500000 -39.2717
42600000 11.1693
42700000 4.65433
42800000 8.21291
42900000 -20.6883
43000000 25.0627
43100000 -18.6818
43200000 -19.826
43300000 -2.40622
43400000 -3.57209
43500000 -14.9799
43600000 -15.5116
43700000 -35.9752
43800000 7.64749
43900000 9.02047
44000000 15.9705
44100000 -3.20493
44200000 -66.647
44300000 -16.0113
44400000 42.367
44500000 17.7765
44600000 25.7926
44700000 -9.45771
44800000 -27.0249
44900000 -1.76351
45000000 11.0352
45100000 -18.4339
45200000 35.7306
45300000 -29.6135
45400000 13.356
45500000 -3.31247
45600000 -9.49543
45700000 19.9723
45800000 21.3901
45900000 -8.26227
46000000 -12.9849
46100000 -38.9122
46200000 -1.10893
46300000 -4.67599
46400000 30.4777
46500000 24.8683
46600000 15.0121
46700000 22.848
46800000 -3.30807
46900000 -10.8452
47000000 -28.1119
47100000 -4.83985
47200000 18.7714
47300000 -12.6987
47400000 -27.6188
47500000 -8.21837
47600000 17.4014
47700000 6.80363
47800000 -2.08934
47900000 -14.2086
48000000 -30.5393
48100000 11.194
48200000 -50.6526
48300000 11.8844
48400000 -15.8427
48500000 40.1903
48600000 4.45161
48700000 1.39779
48800000 -12.5663
48900000 32.603
49000000 38.6685
49100000 8.29312
49200000 -6.79743
49300000 -18.8297
49400000 -30.7611
49500000 10.6338
49600000 -4.11876
49700000 -35.8126
49800000 31.1908
49900000 -31.9406
50000000 -4.89246
50100000 2.18308
50200000 -8.84215
50300000 -13.6069
50400000 10.1564
50500000 -41.1119
50600000 13.8471
50700000 0.93236
50800000 -21.2683
50900000 40.2215
51000000 -4.19812
51100000 35.9155
51200000 -2.46025
51300000 -33.4208
51400000 -51.1961
51500000 -10.1851
51600000 10.4185
51700000 0.121407
51800000 -42.9102
51900000 36.7537
52000000 -7.26946
52100000 -16.8174
52200000 -3.26332
52300000 -8.52158
52400000 9.23516
52500000 -2.5479
52600000 -14.6892
52700000 -41.3918
52800000 -26.542
52900000 -9.34034
53000000 5.64604
53100000 -3.04701
53200000 -13.7839
53300000 -0.901788
53400000 -7.45215
53500000 -11.2673
53600000 -19.9387
53700000 9.3766
53800000 -30.7598
53900000 0.488161
54000000 15.7057
54100000 -24.9323
54200000 9.06057
54300000 1.48314
54400000 10.7481
54500000 -6.25748
54600000 3.72911
54700000 3.74602
54800000 -11.2682
54900000 24.6813
55000000 -25.162
55100000 -10.0365
55200000 -29.0058
55300000 10.4297
55400000 -17.6587
55500000 -29.1841
55600000 30.2254
55700000 30.3248
55800000 -6.4781
55900000 -18.3905
56000000 16.3132
56100000 -32.9665
56200000 -32.782
56300000 -16.5193
56400000 -21.5519
56500000 -25.9578
56600000 -6.62568
56700000 -15.509
56800000 9.54
56900000 -1.78586
57000000 9.47668
57100000 -20.9178
57200000 19.0385
57300000 -2.38054
57400000 -35.9047
57500000 0.508027
57600000 -6.98144
57700000 -24.0214
57800000 -26.9206
57900000 7.79278
58000000 3.13822
58100000 -51.1798
58200000 25.657
58300000 -7.22052
58400000 -27.3065
58500000 6.20774
58600000 15.7419
58700000 1.18601
58800000 -7.66666
58900000 -32.6453
59000000 -15.825
59100000 15.2122
59200000 -45.0644
59300000 -15.8927
59400000 0.861791
59500000 -26.1251
59600000 12.1182
59700000 -10.5626
59800000 33.2504
59900000 5.13446
60000000 -15.697
60100000 -0.539552
60200000 -12.7222
60300000 10.0363
60400000 -43.1403
60500000 -26.6182
60600000 -16.9649
60700000 -31.5644
60800000 -9.70411
60900000 2.18365
61000000 -11.5798
61100000 -20.9123
61200000 37.6156
61300000 -55.703
61400000 -26.625
61500000 -33.2879
61600000 15.4255
61700000 -35.6693
61800000 -58.3188
61900000 8.17313
62000000 -22.5411
62100000 23.4213
62200000 0.302445
62300000 -27.5164
62400000 2.12657
62500000 -24.7805
62600000 -42.6315
62700000 -5.70751
62800000 23.3825
62900000 43.9965
63000000 17.0827
63100000 0.740125
63200000 26.8646
63300000 11.4722
63400000 -23.4215
63500000 13.4224
63600000 -15.5112
63700000 -6.83692
63800000 -15.6209
63900000 -43.1092
64000000 -5.98648
64100000 34.2558
64200000 -15.1344
64300000 5.29754
64400000 -10.1938
64500000 -0.40647
64600000 -44.2521
64700000 19.7368
64800000 17.9033
64900000 15.0094
65000000 4.00095
65100000 -6.13809
65200000 18.7271
65300000 -24.8742
65400000 39.4568
65500000 -9.69486
65600000 -9.89967
65700000 27.5096
65800000 -7.48764
65900000 -17.6164
66000000 16.8767
66100000 14.3727
66200000 -21.9294
66300000 12.8838
66400000 -19.4624
66500000 -28.2775
66600000 3.6636
66700000 -5.68062
66800000 15.3187
66900000 -16.5074
67000000 11.2287
67100000 1.87712
67200000 -18.5254
67300000 14.8428
67400000 7.69293
67500000 -22.1245
67600000 -10.0951
67700000 -8.50252
67800000 19.9636
67900000 18.5384
68000000 -28.8441
68100000 -7.35014
68200000 -22.8754
68300000 10.7848
68400000 -25.6988
68500000 -30.9996
68600000 8.26768
68700000 48.5887
68800000 0.433829
68900000 17.9123
69000000 -5.67776
69100000 26.2057
69200000 4.84718
69300000 -19.4887
69400000 14.3339
69500000 -26.6325
69600000 -24.7682
69700000 -19.5429
69800000 -12.4823
69900000 28.4628
70000000 -1.36821
70100000 -12.6847
70200000 7.50336
70300000 -12.2152
70400000 -30.9189
70500000 9.50642
70600000 -25.3137
70700000 0.514585
70800000 -25.7962
70900000 -16.8858
71000000 5.66499
71100000 19.3198
71200000 14.8996
71300000 -27.9931
71400000 -18.7303
71500000 35.4588
71600000 -15.4153
71700000 17.3878
71800000 -23.0636
71900000 28.3498
72000000 9.58585
72100000 -10.7633
72200000 -60.7041
72300000 10.9186
72400000 26.6284
72500000 -41.5447
72600000 -24.8622
72700000 -0.0171697
72800000 8.64538
72900000 -11.0545
73000000 -30.1021
73100000 -8.41105
73200000 -43.5075
73300000 11.7572
73400000 4.06103
73500000 -25.7054
73600000 -36.9706
73700000 -13.1647
73800000 9.30252
73900000 -1.86564
74000000 5.49536
74100000 15.1339
74200000 -14.29
74300000 -9.43877
74400000 -42.179
74500000 -10.7622
74600000 -3.03047
74700000 13.65
74800000 11.2454
74900000 20.6539
75000000 9.78182
75100000 -10.7838
75200000 -25.8003
75300000 -40.583
75400000 -24.3436
75500000 7.12795
75600000 -23.8148
75700000 17.1395
75800000 -13.112
75900000 3.77893
76000000 53.0408
76100000 -9.83473
76200000 -16.8587
76300000 -30.8917
76400000 28.6098
76500000 -24.7071
76600000 36.7754
76700000 -36.497
76800000 -14.3519
76900000 3.32497
77000000 -11.4597
77100000 -28.4146
77200000 -8.20413
77300000 -1.69103
77400000 20.5217
77500000 -22.3498
77600000 17.3473
77700000 0.183045
77800000 16.582
77900000 -31.1055
78000000 -0.179024
78100000 -51.4088
78200000 1.86052
78300000 -5.14016
78400000 28.3683
78500000 -34.9647
78600000 9.78338
78700000 12.556
78800000 -26.393
78900000 8.80034
79000000 15.2066
79100000 20.4771
79200000 22.1479
79300000 -14.6561
79400000 23.1596
79500000 -7.82824
79600000 -25.7737
79700000 1.15295
79800000 -35.447
79900000 42.6984
80000000 21.4414
80100000 27.9768
80200000 10.4435
80300000 -11.7959
80400000 23.5566
80500000 2.13493
80600000 -26.386
80700000 -9.29022
80800000 -36.3048
80900000 -2.3222
81000000 -1.18422
81100000 -22.1497
81200000 33.9116
81300000 3.46337
81400000 12.7818
81500000 -0.999224
81600000 1.13911
81700000 -8.75104
81800000 -20.6974
81900000 25.0021
82000000 -45.3303
82100000 -2.34258
82200000 -41.3943
82300000 -13.56
82400000 14.4121
82500000 15.8009
82600000 41.7066
82700000 -13.9658
82800000 35.4973
82900000 -8.95056
83000000 20.6648
83100000 -10.4406
83200000 -1.42157
83300000 5.75138
83400000 -10.5568
83500000 -10.5896
83600000 -18.6313
83700000 -26.5516
83800000 -33.764
83900000 15.9822
84000000 -45.9281
84100000 15.2787
84200000 8.44382
84300000 -12.0912
84400000 13.0687
84500000 0.226225
84600000 8.79308
84700000 -22.0627
84800000 -9.22412
84900000 0.707238
85000000 -16.6489
85100000 10.6447
85200000 47.4529
85300000 -19.5258
85400000 -25.7538
85500000 -47.1622
85600000 -22.2316
85700000 30.7446
85800000 -27.7734
85900000 21.0515
86000000 11.4069
86100000 -24.7432
86200000 -21.3447
86300000 -11.1911
86400000 -29.69
86500000 -26.2061
86600000 -54.2973
86700000 -3.01264
86800000 -13.8089
86900000 -26.4157
87000000 5.82659
87100000 35.6067
87200000 -24.2869
87300000 -18.8243
87400000 -3.02791
87500000 3.2009
87600000 3.8867
87700000 9.37146
87800000 -28.4553
87900000 -26.7035
88000000 -0.0766843
88100000 -7.3499
88200000 -7.04098
88300000 -14.4579
88400000 -5.98822
88500000 7.78085
88600000 20.7839
88700000 -35.576
88800000 -33.0622
88900000 22.7014
89000000 -6.63447
89100000 -35.6886
89200000 12.2954
89300000 -16.0089
89400000 -39.3155
89500000 -15.8346
89600000 -2.44842
89700000 26.9062
89800000 25.1402
89900000 24.2504
90000000 -0.638511
90100000 -20.4782
90200000 1.26032
90300000 -20.3606
90400000 -36.3634
90500000 -8.23075
90600000 0.933531
90700000 -11.3666
90800000 8.73406
90900000 43.3833
91000000 10.6821
91100000 -11.0517
91200000 8.66208
91300000 3.43883
91400000 -30.4107
91500000 -17.8442
91600000 12.9653
91700000 -22.4605
91800000 -23.3328
91900000 29.3213
92000000 -6.79447
92100000 -22.8214
92200000 -7.29678
92300000 1.1052
92400000 -22.0993
92500000 3.70386
92600000 7.51916
92700000 -29.8915
92800000 26.3218
92900000 -10.7573
93000000 -16.2341
93100000 -6.32278
93200000 -1.98024
93300000 13.9859
93400000 -12.0126
93500000 -2.06417
93600000 3.02126
93700000 -23.5093
93800000 -11.7993
93900000 25.1825
94000000 -26.1004
94100000 -9.83712
94200000 14.6629
94300000 -17.124
94400000 -8.45836
94500000 2.11121
94600000 20.7749
94700000 3.49182
94800000 -30.2452
94900000 -3.47194
95000000 -15.4424
95100000 3.18709
95200000 -39.764
95300000 -0.128464
95400000 1.28331
95500000 16.1946
95600000 -33.777
95700000 8.39645
95800000 -8.5449
95900000 -0.904101
96000000 2.0341
96100000 -5.11526
96200000 -2.47655
96300000 -2.97084
96400000 -25.1619
96500000 7.08932
96600000 -17.5906
96700000 -21.0436
96800000 -18.6516
96900000 22.2708
97000000 -12.1085
97100000 -18.4742
97200000 -32.9004
97300000 -9.6556
97400000 -7.93576
97500000 13.5318
97600000 8.55591
97700000 -52.0879
97800000 -19.8041
97900000 -32.4616
98000000 11.2394
98100000 -21.7988
98200000 3.20638
98300000 -3.06438
98400000 21.0411
98500000 -25.762
98600000 -18.3502
98700000 7.59382
98800000 24.8436
98900000 19.3649
99000000 -6.33862
99100000 -16.7024
99200000 -32.5183
99300000 -14.1547
99400000 9.32885
99500000 -63.3436
99600000 -36.0864
99700000 9.68686
99800000 -7.16395
99900000 -7.46407
100000000 54.9947
