#NOTE: MSDs should be divided by the temperature.
#NOTE: MSDs have been divided by 2 or 10 (i.e., the viscosity computed from all components).
#Time	MSD_xx	MSD_yy	MSD_zz	MSD_xy	MSD_xz	MSD_yz	MSD_off	MSD_all	MSD_bulkvisc
 20 5.93397e+09 5.93737e+09 5.93533e+09 5.93346e+09 5.9323e+09 5.93236e+09 5.93271e+09 5.93385e+09 7.57376e+09
 40 1.88167e+10 1.88308e+10 1.88203e+10 1.88196e+10 1.88047e+10 1.88116e+10 1.8812e+10 1.88162e+10 2.76753e+10
 60 3.35663e+10 3.36049e+10 3.35781e+10 3.35936e+10 3.35375e+10 3.35623e+10 3.35645e+10 3.35719e+10 5.71296e+10
 80 4.83461e+10 4.84276e+10 4.83748e+10 4.84218e+10 4.83001e+10 4.83536e+10 4.83585e+10 4.83682e+10 9.36693e+10
 100 6.34515e+10 6.35945e+10 6.3503e+10 6.35899e+10 6.339e+10 6.34792e+10 6.34864e+10 6.34984e+10 1.35608e+11
 120 8.01549e+10 8.03764e+10 8.02341e+10 8.03666e+10 8.00791e+10 8.02072e+10 8.02176e+10 8.02326e+10 1.81941e+11
 140 9.93683e+10 9.96813e+10 9.94808e+10 9.96664e+10 9.92796e+10 9.9448e+10 9.94646e+10 9.94828e+10 2.32081e+11
 160 1.21027e+11 1.21443e+11 1.21178e+11 1.21422e+11 1.20928e+11 1.21134e+11 1.21161e+11 1.21183e+11 2.85491e+11
 180 1.44507e+11 1.45042e+11 1.44703e+11 1.45015e+11 1.44404e+11 1.44648e+11 1.44689e+11 1.44714e+11 3.41649e+11
 200 1.69286e+11 1.69956e+11 1.69534e+11 1.69929e+11 1.69189e+11 1.69471e+11 1.6953e+11 1.69555e+11 4.00144e+11
 220 1.95187e+11 1.9601e+11 1.95498e+11 1.95985e+11 1.95107e+11 1.95428e+11 1.95507e+11 1.9553e+11 4.60748e+11
 240 2.22247e+11 2.23238e+11 2.22633e+11 2.23212e+11 2.2219e+11 2.22547e+11 2.2265e+11 2.22672e+11 5.23377e+11
 260 2.50513e+11 2.51683e+11 2.5098e+11 2.51656e+11 2.5048e+11 2.50866e+11 2.51e+11 2.51024e+11 5.88014e+11
 280 2.79975e+11 2.81333e+11 2.80523e+11 2.81302e+11 2.79958e+11 2.80374e+11 2.80545e+11 2.80571e+11 6.54646e+11
 300 3.10579e+11 3.12135e+11 3.1121e+11 3.12093e+11 3.10572e+11 3.11024e+11 3.1123e+11 3.11261e+11 7.23253e+11
 320 3.42268e+11 3.44032e+11 3.4299e+11 3.43979e+11 3.42273e+11 3.42765e+11 3.43006e+11 3.43042e+11 7.93818e+11
 340 3.74994e+11 3.76978e+11 3.75819e+11 3.76917e+11 3.75017e+11 3.75555e+11 3.7583e+11 3.7587e+11 8.66341e+11
 360 4.08726e+11 4.10942e+11 4.09663e+11 4.10879e+11 4.08775e+11 4.09357e+11 4.0967e+11 4.09713e+11 9.40845e+11
 380 4.43451e+11 4.45907e+11 4.44503e+11 4.45851e+11 4.43526e+11 4.44149e+11 4.44508e+11 4.44553e+11 1.01735e+12
 400 4.79159e+11 4.81859e+11 4.80324e+11 4.81815e+11 4.79253e+11 4.79917e+11 4.80328e+11 4.80376e+11 1.09588e+12
 400 4.79158e+11 4.82082e+11 4.80687e+11 4.82061e+11 4.79507e+11 4.79436e+11 4.80335e+11 4.80458e+11 1.09656e+12
 800 1.36074e+12 1.36889e+12 1.36496e+12 1.37032e+12 1.36055e+12 1.36258e+12 1.36448e+12 1.36464e+12 3.05321e+12
 1200 2.46927e+12 2.48289e+12 2.47868e+12 2.48542e+12 2.4665e+12 2.47166e+12 2.47452e+12 2.47549e+12 5.52326e+12
 1600 3.72041e+12 3.73837e+12 3.73699e+12 3.74197e+12 3.71327e+12 3.72262e+12 3.72595e+12 3.72834e+12 8.33462e+12
 2000 5.06644e+12 5.08481e+12 5.0909e+12 5.0918e+12 5.05538e+12 5.06559e+12 5.07092e+12 5.07484e+12 1.13788e+13
 2400 6.48062e+12 6.49461e+12 6.512e+12 6.50571e+12 6.46336e+12 6.47315e+12 6.48074e+12 6.48674e+12 1.45891e+13
 2800 7.94183e+12 7.94767e+12 7.9816e+12 7.96303e+12 7.91715e+12 7.92441e+12 7.93486e+12 7.94373e+12 1.79196e+13
 3200 9.43767e+12 9.43171e+12 9.48647e+12 9.45181e+12 9.40343e+12 9.40753e+12 9.42092e+12 9.43333e+12 2.13362e+13
 3600 1.09584e+13 1.0939e+13 1.10165e+13 1.09658e+13 1.09155e+13 1.09116e+13 1.0931e+13 1.09471e+13 2.48208e+13
 4000 1.24978e+13 1.24634e+13 1.25656e+13 1.24978e+13 1.24447e+13 1.24312e+13 1.24579e+13 1.24783e+13 2.83565e+13
 4400 1.40522e+13 1.40005e+13 1.41299e+13 1.40432e+13 1.39866e+13 1.39643e+13 1.3998e+13 1.40232e+13 3.19315e+13
 4800 1.56185e+13 1.55482e+13 1.57052e+13 1.55957e+13 1.55388e+13 1.55095e+13 1.5548e+13 1.55784e+13 3.55402e+13
 5200 1.71953e+13 1.71038e+13 1.72909e+13 1.71536e+13 1.71003e+13 1.70633e+13 1.71057e+13 1.71421e+13 3.91755e+13
 5600 1.87811e+13 1.86662e+13 1.88854e+13 1.87154e+13 1.86693e+13 1.86259e+13 1.86702e+13 1.87131e+13 4.28304e+13
 6000 2.03734e+13 2.02325e+13 2.04864e+13 2.02814e+13 2.02434e+13 2.01949e+13 2.02399e+13 2.02896e+13 4.65017e+13
 6400 2.19704e+13 2.18027e+13 2.20931e+13 2.18505e+13 2.1824e+13 2.17694e+13 2.18146e+13 2.18709e+13 5.01845e+13
 6800 2.35696e+13 2.33755e+13 2.37024e+13 2.34216e+13 2.34084e+13 2.33484e+13 2.33928e+13 2.34553e+13 5.38776e+13
 7200 2.51701e+13 2.49521e+13 2.5315e+13 2.49934e+13 2.49951e+13 2.49318e+13 2.49734e+13 2.50424e+13 5.75809e+13
 7600 2.67737e+13 2.65327e+13 2.69321e+13 2.65676e+13 2.65843e+13 2.65186e+13 2.65568e+13 2.66326e+13 6.12945e+13
 8000 2.83793e+13 2.81167e+13 2.8552e+13 2.81468e+13 2.8174e+13 2.81082e+13 2.8143e+13 2.82255e+13 6.50189e+13
 8000 2.83965e+13 2.82713e+13 2.877e+13 2.80079e+13 2.81045e+13 2.83831e+13 2.81652e+13 2.82908e+13 6.48442e+13
 16000 6.06359e+13 5.9869e+13 6.15999e+13 5.9935e+13 6.00764e+13 6.03067e+13 6.0106e+13 6.03443e+13 1.40741e+14
 24000 9.28487e+13 9.18486e+13 9.41133e+13 9.20139e+13 9.23195e+13 9.22095e+13 9.2181e+13 9.24833e+13 2.18215e+14
 32000 1.24528e+14 1.2351e+14 1.26628e+14 1.2497e+14 1.24958e+14 1.2463e+14 1.24853e+14 1.24867e+14 2.97537e+14
 40000 1.56603e+14 1.55529e+14 1.59289e+14 1.58674e+14 1.57794e+14 1.5695e+14 1.57806e+14 1.5754e+14 3.77329e+14
 48000 1.89089e+14 1.87408e+14 1.91784e+14 1.92309e+14 1.90784e+14 1.89607e+14 1.909e+14 1.90311e+14 4.57471e+14
 56000 2.21785e+14 2.19642e+14 2.244e+14 2.26063e+14 2.24033e+14 2.22212e+14 2.24103e+14 2.23239e+14 5.36882e+14
 64000 2.54355e+14 2.51846e+14 2.56852e+14 2.59955e+14 2.57411e+14 2.55727e+14 2.57698e+14 2.56359e+14 6.15439e+14
 72000 2.87102e+14 2.83905e+14 2.9008e+14 2.93904e+14 2.90854e+14 2.88997e+14 2.91252e+14 2.89563e+14 6.92885e+14
 80000 3.19475e+14 3.15928e+14 3.23448e+14 3.27601e+14 3.24388e+14 3.21802e+14 3.24597e+14 3.22605e+14 7.72037e+14
 88000 3.51968e+14 3.48095e+14 3.56758e+14 3.61515e+14 3.58491e+14 3.54383e+14 3.5813e+14 3.55787e+14 8.51585e+14
 96000 3.84814e+14 3.79958e+14 3.90367e+14 3.95597e+14 3.92578e+14 3.87185e+14 3.91786e+14 3.8909e+14 9.31984e+14
 104000 4.17488e+14 4.11541e+14 4.24071e+14 4.29924e+14 4.26492e+14 4.19843e+14 4.2542e+14 4.22332e+14 1.01394e+15
 112000 4.50679e+14 4.43078e+14 4.57477e+14 4.64648e+14 4.61015e+14 4.5228e+14 4.59314e+14 4.55753e+14 1.0977e+15
 120000 4.84052e+14 4.74565e+14 4.9084e+14 4.99806e+14 4.95828e+14 4.8429e+14 4.93308e+14 4.89246e+14 1.18194e+15
 128000 5.1789e+14 5.06062e+14 5.23932e+14 5.34977e+14 5.30683e+14 5.16183e+14 5.27281e+14 5.22753e+14 1.2664e+15
 136000 5.51598e+14 5.37181e+14 5.56465e+14 5.69814e+14 5.65219e+14 5.47552e+14 5.60861e+14 5.55883e+14 1.35123e+15
 144000 5.85253e+14 5.67762e+14 5.88904e+14 6.04445e+14 5.99809e+14 5.78413e+14 5.94223e+14 5.88789e+14 1.43647e+15
 152000 6.19512e+14 5.98561e+14 6.21146e+14 6.39319e+14 6.34275e+14 6.09282e+14 6.27625e+14 6.21804e+14 1.52014e+15
 160000 6.54001e+14 6.29173e+14 6.52965e+14 6.74462e+14 6.69088e+14 6.39902e+14 6.61151e+14 6.54842e+14 1.60367e+15
 160000 6.57806e+14 6.33233e+14 6.53316e+14 6.80049e+14 6.80503e+14 6.48766e+14 6.69773e+14 6.61111e+14 1.6449e+15
 320000 1.33486e+15 1.23796e+15 1.27078e+15 1.3735e+15 1.33827e+15 1.2246e+15 1.31212e+15 1.29975e+15 3.33151e+15
 480000 1.99065e+15 1.78695e+15 1.88419e+15 2.13989e+15 2.00151e+15 1.80755e+15 1.98298e+15 1.9447e+15 4.85057e+15
 640000 2.68152e+15 2.37032e+15 2.48399e+15 2.92577e+15 2.6276e+15 2.44479e+15 2.66606e+15 2.60441e+15 6.41719e+15
 800000 3.24372e+15 2.88717e+15 3.07612e+15 3.75246e+15 3.22056e+15 3.06721e+15 3.34674e+15 3.23565e+15 8.0632e+15
 960000 3.87017e+15 3.43695e+15 3.69173e+15 4.56215e+15 3.81794e+15 3.71176e+15 4.03062e+15 3.88488e+15 9.3845e+15
 1.12e+06 4.52433e+15 3.99488e+15 4.35577e+15 5.38275e+15 4.44637e+15 4.37594e+15 4.73502e+15 4.55768e+15 1.06538e+16
 1.28e+06 5.17324e+15 4.56401e+15 5.04226e+15 6.20863e+15 5.01548e+15 5.08847e+15 5.43753e+15 5.23312e+15 1.18425e+16
 1.44e+06 5.84879e+15 5.14764e+15 5.73316e+15 7.05338e+15 5.55812e+15 5.80972e+15 6.14041e+15 5.91485e+15 1.28953e+16
 1.6e+06 6.55017e+15 5.67902e+15 6.45257e+15 7.85812e+15 6.10038e+15 6.53969e+15 6.83273e+15 6.59054e+15 1.39847e+16
 1.76e+06 7.18739e+15 6.21861e+15 7.10146e+15 8.67908e+15 6.63815e+15 7.31112e+15 7.54278e+15 7.26e+15 1.49956e+16
 1.92e+06 7.85839e+15 6.71658e+15 7.76737e+15 9.47119e+15 7.2365e+15 8.07657e+15 8.26142e+15 7.93583e+15 1.60792e+16
 2.08e+06 8.486e+15 7.25336e+15 8.47193e+15 1.03016e+16 7.81345e+15 8.88207e+15 8.99905e+15 8.6276e+15 1.71856e+16
 2.24e+06 9.16393e+15 7.77732e+15 9.19666e+15 1.11502e+16 8.35896e+15 9.61409e+15 9.70774e+15 9.3097e+15 1.83086e+16
 2.4e+06 9.93661e+15 8.32939e+15 9.92468e+15 1.20293e+16 8.98584e+15 1.04019e+16 1.04723e+16 1.00422e+16 1.95205e+16
 2.56e+06 1.06941e+16 8.94559e+15 1.06577e+16 1.28668e+16 9.6515e+15 1.12141e+16 1.12441e+16 1.07861e+16 2.08844e+16
 2.72e+06 1.14204e+16 9.59368e+15 1.138e+16 1.37407e+16 1.02761e+16 1.20213e+16 1.20127e+16 1.15268e+16 2.25093e+16
 2.88e+06 1.21441e+16 1.02237e+16 1.20888e+16 1.4645e+16 1.0888e+16 1.2866e+16 1.27997e+16 1.2274e+16 2.43254e+16
 3.04e+06 1.29161e+16 1.0846e+16 1.28226e+16 1.55887e+16 1.14256e+16 1.37466e+16 1.3587e+16 1.30302e+16 2.6112e+16
 3.2e+06 1.36649e+16 1.14967e+16 1.36244e+16 1.64921e+16 1.20323e+16 1.46117e+16 1.43787e+16 1.37987e+16 2.7684e+16
 3.2e+06 1.37867e+16 1.28699e+16 1.35622e+16 1.58966e+16 1.49166e+16 1.27956e+16 1.45363e+16 1.40843e+16 2.59556e+16
 6.4e+06 2.9805e+16 2.79046e+16 3.0483e+16 3.86656e+16 2.5392e+16 3.10829e+16 3.17135e+16 3.07871e+16 6.5073e+16
 9.6e+06 4.27968e+16 4.42022e+16 4.81581e+16 5.68343e+16 3.95856e+16 4.81502e+16 4.819e+16 4.69349e+16 1.02224e+17
 1.28e+07 5.63663e+16 5.88332e+16 6.27636e+16 7.66498e+16 5.30419e+16 7.00565e+16 6.65827e+16 6.36781e+16 1.43902e+17
 1.6e+07 6.63639e+16 6.75894e+16 8.07236e+16 1.0627e+17 6.14378e+16 8.69096e+16 8.48725e+16 7.95471e+16 1.82744e+17
 1.92e+07 6.88297e+16 7.55615e+16 9.9811e+16 1.42089e+17 6.85373e+16 9.88273e+16 1.03151e+17 9.4451e+16 2.10323e+17
 2.24e+07 6.86972e+16 8.25253e+16 1.10973e+17 1.76813e+17 7.30107e+16 1.122e+17 1.20675e+17 1.07364e+17 2.36472e+17
 2.56e+07 6.01063e+16 8.35186e+16 1.15809e+17 2.08997e+17 7.24152e+16 1.28109e+17 1.36507e+17 1.16495e+17 2.62496e+17
 2.88e+07 5.20178e+16 8.36155e+16 1.16622e+17 2.47805e+17 7.4667e+16 1.40976e+17 1.54483e+17 1.26324e+17 2.73513e+17
 3.2e+07 4.94883e+16 8.73134e+16 1.14574e+17 2.91562e+17 8.12297e+16 1.51409e+17 1.74734e+17 1.38357e+17 2.76659e+17
 3.52e+07 4.87524e+16 9.4209e+16 1.15479e+17 3.36444e+17 8.60218e+16 1.65499e+17 1.95988e+17 1.52052e+17 2.92283e+17
 3.84e+07 4.79529e+16 1.01318e+17 1.1743e+17 3.76992e+17 9.90655e+16 1.7955e+17 2.18536e+17 1.66682e+17 3.11007e+17
 4.16e+07 4.7406e+16 1.11932e+17 1.26132e+17 4.14852e+17 1.13912e+17 1.91645e+17 2.40136e+17 1.82145e+17 3.28241e+17
 4.48e+07 5.02672e+16 1.24676e+17 1.36112e+17 4.45213e+17 1.33804e+17 2.10087e+17 2.63035e+17 1.99295e+17 3.44077e+17
 4.8e+07 5.498e+16 1.40567e+17 1.50371e+17 4.74623e+17 1.57491e+17 2.30529e+17 2.87548e+17 2.18651e+17 3.54432e+17
 5.12e+07 6.44106e+16 1.60859e+17 1.60545e+17 5.02819e+17 1.82279e+17 2.49225e+17 3.11441e+17 2.38306e+17 3.7014e+17
 5.44e+07 7.1369e+16 1.72113e+17 1.64157e+17 5.25434e+17 2.00361e+17 2.70506e+17 3.321e+17 2.53612e+17 3.97326e+17
 5.76e+07 7.22745e+16 1.76445e+17 1.63029e+17 5.47068e+17 2.14691e+17 2.93255e+17 3.51671e+17 2.65903e+17 4.14595e+17
 6.08e+07 7.48961e+16 1.79542e+17 1.61206e+17 5.67364e+17 2.21899e+17 3.08804e+17 3.66022e+17 2.75033e+17 4.2582e+17
 6.4e+07 8.06704e+16 1.89642e+17 1.60327e+17 5.8859e+17 2.26774e+17 3.15453e+17 3.76939e+17 2.83582e+17 4.47129e+17
 6.4e+07 2.74978e+16 2.05977e+17 1.12154e+17 9.63311e+17 1.5521e+17 5.22045e+17 5.46856e+17 3.74197e+17 8.67468e+16
 1.28e+08 3.53044e+16 2.53074e+17 1.50581e+17 1.3879e+18 2.08149e+17 1.15689e+18 9.17647e+17 6.09116e+17 1.44387e+16
 1.92e+08 1.57457e+12 5.46366e+16 5.40516e+16 3.29998e+13 4.07877e+15 2.68544e+18 8.96516e+17 5.52402e+17 8.30673e+16
