#NOTE: MSDs should be divided by the temperature.
#NOTE: MSDs have been divided by 2 or 10 (i.e., the viscosity computed from all components).
#Time	MSD_xx	MSD_yy	MSD_zz	MSD_xy	MSD_xz	MSD_yz	MSD_off	MSD_all	MSD_bulkvisc
 20 5.68667e+09 5.66741e+09 5.64369e+09 5.67664e+09 5.67932e+09 5.72011e+09 5.69203e+09 5.68158e+09 7.11628e+09
 40 1.79049e+10 1.78396e+10 1.77417e+10 1.78889e+10 1.78631e+10 1.80313e+10 1.79278e+10 1.78881e+10 2.59931e+10
 60 3.16651e+10 3.15783e+10 3.13675e+10 3.16833e+10 3.15889e+10 3.19251e+10 3.17324e+10 3.16542e+10 5.36762e+10
 80 4.5102e+10 4.50625e+10 4.47245e+10 4.52163e+10 4.50363e+10 4.55386e+10 4.52638e+10 4.51435e+10 8.8056e+10
 100 5.84518e+10 5.85293e+10 5.80678e+10 5.87293e+10 5.84418e+10 5.91352e+10 5.87688e+10 5.86011e+10 1.27504e+11
 120 7.29895e+10 7.32137e+10 7.26556e+10 7.34883e+10 7.30344e+10 7.39934e+10 7.35054e+10 7.32844e+10 1.7097e+11
 140 8.97897e+10 9.0144e+10 8.95105e+10 9.05298e+10 8.9875e+10 9.11664e+10 9.05237e+10 9.02401e+10 2.17824e+11
 160 1.08976e+11 1.09437e+11 1.08726e+11 1.09909e+11 1.09106e+11 1.10759e+11 1.09924e+11 1.09573e+11 2.67527e+11
 180 1.29967e+11 1.30514e+11 1.29724e+11 1.31011e+11 1.30148e+11 1.32168e+11 1.31109e+11 1.30693e+11 3.19583e+11
 200 1.52117e+11 1.52774e+11 1.51896e+11 1.53239e+11 1.52359e+11 1.54783e+11 1.5346e+11 1.52981e+11 3.73611e+11
 220 1.75125e+11 1.75958e+11 1.74959e+11 1.76347e+11 1.75436e+11 1.78347e+11 1.7671e+11 1.76165e+11 4.29385e+11
 240 1.99024e+11 2.00086e+11 1.98923e+11 2.00411e+11 1.99407e+11 2.0293e+11 2.00916e+11 2.00287e+11 4.86814e+11
 260 2.23945e+11 2.25256e+11 2.23883e+11 2.25547e+11 2.24403e+11 2.28637e+11 2.26196e+11 2.25462e+11 5.45875e+11
 280 2.49949e+11 2.51521e+11 2.499e+11 2.51764e+11 2.50465e+11 2.55481e+11 2.5257e+11 2.51725e+11 6.0654e+11
 300 2.76976e+11 2.7886e+11 2.76947e+11 2.78984e+11 2.77512e+11 2.83358e+11 2.79952e+11 2.79009e+11 6.68773e+11
 320 3.04908e+11 3.07182e+11 3.04943e+11 3.07135e+11 3.05446e+11 3.12134e+11 3.08238e+11 3.07214e+11 7.32564e+11
 340 3.33647e+11 3.36404e+11 3.33788e+11 3.36184e+11 3.34207e+11 3.41745e+11 3.37379e+11 3.36272e+11 7.97946e+11
 360 3.63168e+11 3.66494e+11 3.63413e+11 3.66122e+11 3.63786e+11 3.72184e+11 3.67364e+11 3.66162e+11 8.64965e+11
 380 3.93477e+11 3.97438e+11 3.93808e+11 3.9692e+11 3.94194e+11 4.03483e+11 3.98199e+11 3.96882e+11 9.33659e+11
 400 4.24608e+11 4.29221e+11 4.24994e+11 4.28536e+11 4.25444e+11 4.35636e+11 4.29872e+11 4.28433e+11 1.00405e+12
 400 4.24373e+11 4.29705e+11 4.27132e+11 4.27483e+11 4.26084e+11 4.38006e+11 4.30524e+11 4.29143e+11 9.96408e+11
 800 1.18154e+12 1.20424e+12 1.18718e+12 1.19671e+12 1.1913e+12 1.217e+12 1.20167e+12 1.1974e+12 2.73253e+12
 1200 2.11684e+12 2.16043e+12 2.13025e+12 2.14465e+12 2.12336e+12 2.16401e+12 2.14401e+12 2.14074e+12 4.88418e+12
 1600 3.15895e+12 3.21429e+12 3.17505e+12 3.19268e+12 3.16149e+12 3.21368e+12 3.18928e+12 3.18667e+12 7.30534e+12
 2000 4.27114e+12 4.32611e+12 4.28949e+12 4.29626e+12 4.2575e+12 4.32936e+12 4.29437e+12 4.29486e+12 9.91901e+12
 2400 5.43766e+12 5.48604e+12 5.44509e+12 5.44582e+12 5.384e+12 5.4852e+12 5.43834e+12 5.44551e+12 1.26728e+13
 2800 6.65206e+12 6.68305e+12 6.62966e+12 6.61192e+12 6.53131e+12 6.66686e+12 6.60336e+12 6.62399e+12 1.55546e+13
 3200 7.90192e+12 7.89745e+12 7.83286e+12 7.79621e+12 7.69521e+12 7.85136e+12 7.78093e+12 7.81952e+12 1.85529e+13
 3600 9.18086e+12 9.11735e+12 9.029e+12 8.99162e+12 8.88305e+12 9.03447e+12 8.96972e+12 9.02546e+12 2.16429e+13
 4000 1.04825e+13 1.03378e+13 1.02196e+13 1.0202e+13 1.0078e+13 1.02185e+13 1.01662e+13 1.02384e+13 2.47808e+13
 4400 1.17921e+13 1.15578e+13 1.13993e+13 1.1415e+13 1.12839e+13 1.1391e+13 1.13633e+13 1.14512e+13 2.79475e+13
 4800 1.30967e+13 1.27734e+13 1.25584e+13 1.26342e+13 1.24973e+13 1.25604e+13 1.2564e+13 1.26622e+13 3.113e+13
 5200 1.43954e+13 1.39819e+13 1.36872e+13 1.38519e+13 1.37153e+13 1.3735e+13 1.37674e+13 1.3869e+13 3.43339e+13
 5600 1.56832e+13 1.51894e+13 1.47882e+13 1.50581e+13 1.49321e+13 1.49064e+13 1.49655e+13 1.50674e+13 3.75519e+13
 6000 1.6971e+13 1.63909e+13 1.58777e+13 1.62596e+13 1.61466e+13 1.60684e+13 1.61582e+13 1.62602e+13 4.08081e+13
 6400 1.82514e+13 1.75842e+13 1.6962e+13 1.74518e+13 1.73597e+13 1.72232e+13 1.73449e+13 1.74466e+13 4.40735e+13
 6800 1.95298e+13 1.87649e+13 1.8056e+13 1.86498e+13 1.8567e+13 1.83691e+13 1.85286e+13 1.86306e+13 4.73501e+13
 7200 2.08138e+13 1.99325e+13 1.91526e+13 1.98719e+13 1.97649e+13 1.95042e+13 1.97137e+13 1.98147e+13 5.06549e+13
 7600 2.20932e+13 2.10812e+13 2.02521e+13 2.11118e+13 2.09556e+13 2.06346e+13 2.09006e+13 2.09973e+13 5.39828e+13
 8000 2.33706e+13 2.22192e+13 2.13519e+13 2.2369e+13 2.21444e+13 2.17691e+13 2.20942e+13 2.21821e+13 5.73412e+13
 8000 2.36781e+13 2.07957e+13 2.13855e+13 2.20118e+13 2.29331e+13 2.17558e+13 2.22336e+13 2.21214e+13 5.52125e+13
 16000 4.90105e+13 4.31556e+13 4.26994e+13 4.79827e+13 4.84096e+13 4.4435e+13 4.69424e+13 4.61475e+13 1.28161e+14
 24000 7.5419e+13 6.59886e+13 6.23188e+13 7.46778e+13 7.59558e+13 6.57094e+13 7.21143e+13 7.04321e+13 2.07921e+14
 32000 9.87722e+13 8.71664e+13 7.95372e+13 1.00284e+14 1.01429e+14 8.85178e+13 9.67435e+13 9.34429e+13 2.78831e+14
 40000 1.20293e+14 1.08812e+14 9.52082e+13 1.26131e+14 1.25682e+14 1.09437e+14 1.20417e+14 1.15492e+14 3.46141e+14
 48000 1.39734e+14 1.27366e+14 1.10961e+14 1.53913e+14 1.50109e+14 1.30295e+14 1.44772e+14 1.37272e+14 4.06749e+14
 56000 1.57796e+14 1.44475e+14 1.25464e+14 1.84326e+14 1.73695e+14 1.50033e+14 1.69351e+14 1.58642e+14 4.70955e+14
 64000 1.78308e+14 1.59629e+14 1.41398e+14 2.13646e+14 1.99628e+14 1.72738e+14 1.95337e+14 1.81114e+14 5.29977e+14
 72000 1.95545e+14 1.69511e+14 1.55738e+14 2.46861e+14 2.258e+14 1.96038e+14 2.229e+14 2.03179e+14 5.92565e+14
 80000 2.10036e+14 1.7812e+14 1.70178e+14 2.83168e+14 2.53607e+14 2.20745e+14 2.52507e+14 2.25949e+14 6.52742e+14
 88000 2.22871e+14 1.86999e+14 1.82228e+14 3.18677e+14 2.79754e+14 2.47852e+14 2.82094e+14 2.48203e+14 7.07786e+14
 96000 2.34468e+14 1.95492e+14 1.91609e+14 3.52905e+14 3.02422e+14 2.7409e+14 3.09806e+14 2.68759e+14 7.52635e+14
 104000 2.46188e+14 2.06974e+14 2.03791e+14 3.86963e+14 3.22833e+14 3.00352e+14 3.36716e+14 2.89623e+14 7.90833e+14
 112000 2.57424e+14 2.17734e+14 2.14806e+14 4.23454e+14 3.44339e+14 3.26771e+14 3.64854e+14 3.10908e+14 8.21497e+14
 120000 2.66802e+14 2.25907e+14 2.24644e+14 4.58709e+14 3.68065e+14 3.51485e+14 3.92753e+14 3.31299e+14 8.55279e+14
 128000 2.77437e+14 2.32362e+14 2.34256e+14 4.95671e+14 3.91178e+14 3.78682e+14 4.21844e+14 3.52314e+14 8.88451e+14
 136000 2.88094e+14 2.38249e+14 2.42037e+14 5.32038e+14 4.15015e+14 4.06569e+14 4.51207e+14 3.73175e+14 9.20817e+14
 144000 2.96141e+14 2.4322e+14 2.47942e+14 5.69953e+14 4.40634e+14 4.32757e+14 4.81115e+14 3.93643e+14 9.46268e+14
 152000 3.05101e+14 2.48882e+14 2.5418e+14 6.11173e+14 4.66695e+14 4.62269e+14 5.13379e+14 4.15782e+14 9.74251e+14
 160000 3.13527e+14 2.5633e+14 2.64264e+14 6.5184e+14 4.91095e+14 4.93789e+14 5.45575e+14 4.38561e+14 1.00367e+15
 160000 2.24788e+14 2.79788e+14 3.21908e+14 7.05764e+14 5.2463e+14 5.35826e+14 5.8874e+14 4.63442e+14 1.20544e+15
 320000 4.82068e+14 3.99727e+14 6.62626e+14 1.59237e+15 8.93795e+14 8.97481e+14 1.12788e+15 8.82653e+14 2.01332e+15
 480000 6.53207e+14 6.05857e+14 8.8651e+14 2.14883e+15 1.21904e+15 1.11298e+15 1.49362e+15 1.18225e+15 3.8338e+15
 640000 6.54767e+14 7.5396e+14 1.04773e+15 2.75e+15 1.22894e+15 1.58603e+15 1.85499e+15 1.44052e+15 5.18064e+15
 800000 6.00789e+14 8.21648e+14 1.22753e+15 3.7323e+15 1.83053e+15 2.0136e+15 2.52548e+15 1.86861e+15 7.16078e+15
 960000 4.69496e+14 1.0171e+15 1.51958e+15 4.57373e+15 2.50382e+15 2.04581e+15 3.04112e+15 2.2255e+15 8.52254e+15
 1.12e+06 3.63202e+14 9.56056e+14 1.56956e+15 4.74495e+15 3.38797e+15 1.99118e+15 3.3747e+15 2.40999e+15 9.73779e+15
 1.28e+06 4.28174e+14 9.3038e+14 1.5266e+15 4.75741e+15 3.65657e+15 1.9278e+15 3.44726e+15 2.45304e+15 1.04399e+16
 1.44e+06 6.43827e+14 9.00495e+14 1.30756e+15 5.63998e+15 4.32755e+15 1.78433e+15 3.91729e+15 2.73062e+15 1.22667e+16
 1.6e+06 8.47256e+14 8.2542e+14 9.89135e+14 6.54086e+15 4.77962e+15 1.70105e+15 4.34051e+15 2.95922e+15 1.41299e+16
 1.76e+06 9.92617e+14 7.89651e+14 8.75116e+14 6.87438e+15 5.50946e+15 1.95988e+15 4.78124e+15 3.22306e+15 1.56877e+16
 1.92e+06 8.35391e+14 5.42632e+14 5.17043e+14 7.28499e+15 6.11008e+15 2.26493e+15 5.22e+15 3.38468e+15 1.65983e+16
 2.08e+06 6.25183e+14 4.51178e+14 4.29368e+14 8.94884e+15 6.71391e+15 2.55528e+15 6.07268e+15 3.84437e+15 1.76108e+16
 2.24e+06 2.98573e+14 3.77365e+14 3.43858e+14 1.13427e+16 6.95108e+15 3.02028e+15 7.10468e+15 4.39878e+15 1.94424e+16
 2.4e+06 1.04957e+14 1.93993e+14 1.74324e+14 1.33414e+16 7.57477e+15 3.24177e+15 8.05263e+15 4.89468e+15 1.83298e+16
 2.56e+06 2.07494e+14 4.82966e+14 3.70614e+14 1.52771e+16 7.24073e+15 3.39207e+15 8.63665e+15 5.32347e+15 1.80659e+16
 2.72e+06 4.87762e+14 5.77777e+14 6.99636e+14 1.79714e+16 7.65242e+15 3.76868e+15 9.79751e+15 6.11386e+15 1.62323e+16
 2.88e+06 6.60791e+14 8.63548e+14 9.39611e+14 1.88101e+16 9.29898e+15 3.08409e+15 1.03977e+16 6.56716e+15 1.58856e+16
 3.04e+06 4.69518e+14 8.19717e+14 6.91583e+14 1.78007e+16 1.14026e+16 2.27496e+15 1.04928e+16 6.55976e+15 1.25678e+16
 3.2e+06 2.63153e+14 8.106e+14 6.68156e+14 1.59707e+16 1.20323e+16 1.5911e+15 9.8647e+15 6.15108e+15 9.62376e+15
 3.2e+06 2.40849e+14 1.79884e+13 3.9048e+14 2.53117e+15 1.79685e+16 4.28859e+15 8.26275e+15 5.04422e+15 1.8722e+16
