#NOTE: MSDs should be divided by the temperature.
#NOTE: MSDs have been divided by 2 or 10 (i.e., the viscosity computed from all components).
#Time	MSD_xx	MSD_yy	MSD_zz	MSD_xy	MSD_xz	MSD_yz	MSD_off	MSD_all	MSD_bulkvisc
 20 5.52972e+09 5.53269e+09 5.52859e+09 5.53261e+09 5.5363e+09 5.52295e+09 5.53062e+09 5.5305e+09 6.91762e+09
 40 1.73302e+10 1.73397e+10 1.73259e+10 1.73505e+10 1.73587e+10 1.73059e+10 1.73384e+10 1.73358e+10 2.52795e+10
 60 3.04958e+10 3.05153e+10 3.04855e+10 3.05468e+10 3.05655e+10 3.04486e+10 3.05203e+10 3.05117e+10 5.22404e+10
 80 4.31874e+10 4.32261e+10 4.31647e+10 4.32642e+10 4.33139e+10 4.31107e+10 4.32296e+10 4.32148e+10 8.57664e+10
 100 5.56434e+10 5.57075e+10 5.56002e+10 5.57246e+10 5.58321e+10 5.55275e+10 5.56947e+10 5.5677e+10 1.24216e+11
 120 6.91456e+10 6.92355e+10 6.90798e+10 6.92148e+10 6.94071e+10 6.89832e+10 6.92017e+10 6.91825e+10 1.66483e+11
 140 8.48167e+10 8.49274e+10 8.47297e+10 8.48695e+10 8.51679e+10 8.4602e+10 8.48798e+10 8.48577e+10 2.11912e+11
 160 1.02819e+11 1.02953e+11 1.02717e+11 1.02868e+11 1.03291e+11 1.02554e+11 1.02904e+11 1.02874e+11 2.5998e+11
 180 1.22561e+11 1.22733e+11 1.2245e+11 1.22615e+11 1.2319e+11 1.22254e+11 1.22686e+11 1.22644e+11 3.10226e+11
 200 1.43388e+11 1.43617e+11 1.43266e+11 1.43447e+11 1.44204e+11 1.43048e+11 1.43566e+11 1.43509e+11 3.62293e+11
 220 1.65014e+11 1.65315e+11 1.64868e+11 1.65076e+11 1.66036e+11 1.64643e+11 1.65252e+11 1.65177e+11 4.1596e+11
 240 1.87502e+11 1.8788e+11 1.87315e+11 1.87567e+11 1.88731e+11 1.87089e+11 1.87796e+11 1.87704e+11 4.7114e+11
 260 2.10999e+11 2.11452e+11 2.1076e+11 2.11063e+11 2.12432e+11 2.10527e+11 2.11341e+11 2.11233e+11 5.2782e+11
 280 2.35543e+11 2.36066e+11 2.35243e+11 2.35605e+11 2.37179e+11 2.35001e+11 2.35929e+11 2.35804e+11 5.86013e+11
 300 2.61038e+11 2.6163e+11 2.60676e+11 2.611e+11 2.62886e+11 2.60426e+11 2.61471e+11 2.61329e+11 6.45729e+11
 320 2.87349e+11 2.88021e+11 2.86924e+11 2.87412e+11 2.89425e+11 2.86679e+11 2.87839e+11 2.87676e+11 7.06977e+11
 340 3.14388e+11 3.15161e+11 3.139e+11 3.14458e+11 3.16716e+11 3.13682e+11 3.14952e+11 3.14764e+11 7.69773e+11
 360 3.42137e+11 3.43036e+11 3.41588e+11 3.42226e+11 3.44745e+11 3.41414e+11 3.42795e+11 3.42578e+11 8.3414e+11
 380 3.70618e+11 3.71657e+11 3.70004e+11 3.70738e+11 3.73521e+11 3.6987e+11 3.71377e+11 3.7113e+11 9.00099e+11
 400 3.99836e+11 4.01019e+11 3.99155e+11 4e+11 4.03038e+11 3.99038e+11 4.00692e+11 4.00416e+11 9.67665e+11
 400 3.99665e+11 4.00867e+11 3.98813e+11 4.0039e+11 4.0285e+11 3.99425e+11 4.00888e+11 4.00446e+11 9.66563e+11
 800 1.10423e+12 1.10787e+12 1.09944e+12 1.10683e+12 1.11565e+12 1.10179e+12 1.10809e+12 1.10639e+12 2.62159e+12
 1200 1.96067e+12 1.97052e+12 1.95061e+12 1.96565e+12 1.98505e+12 1.95327e+12 1.96799e+12 1.96503e+12 4.64552e+12
 1600 2.90476e+12 2.92359e+12 2.88636e+12 2.91009e+12 2.94189e+12 2.8865e+12 2.91283e+12 2.90966e+12 6.90064e+12
 2000 3.90162e+12 3.92862e+12 3.87602e+12 3.90527e+12 3.95314e+12 3.86787e+12 3.90876e+12 3.90609e+12 9.3045e+12
 2400 4.93129e+12 4.96345e+12 4.90279e+12 4.93319e+12 4.99938e+12 4.87968e+12 4.93742e+12 4.93545e+12 1.18005e+13
 2800 5.97979e+12 6.01677e+12 5.95254e+12 5.9828e+12 6.06953e+12 5.9103e+12 5.98754e+12 5.98574e+12 1.43594e+13
 3200 7.03726e+12 7.07879e+12 7.01539e+12 7.04827e+12 7.15652e+12 6.95388e+12 7.05289e+12 7.04926e+12 1.6962e+13
 3600 8.10182e+12 8.14764e+12 8.08859e+12 8.12531e+12 8.25016e+12 8.00548e+12 8.12699e+12 8.12127e+12 1.95987e+13
 4000 9.17047e+12 9.22093e+12 9.17324e+12 9.21265e+12 9.34755e+12 9.06129e+12 9.20716e+12 9.19958e+12 2.22624e+13
 4400 1.02393e+13 1.02984e+13 1.0266e+13 1.03058e+13 1.0447e+13 1.0122e+13 1.02916e+13 1.02821e+13 2.4949e+13
 4800 1.1308e+13 1.138e+13 1.1365e+13 1.14036e+13 1.1548e+13 1.11837e+13 1.13784e+13 1.13674e+13 2.76517e+13
 5200 1.23786e+13 1.2464e+13 1.24708e+13 1.25063e+13 1.2649e+13 1.22478e+13 1.24677e+13 1.24558e+13 3.03644e+13
 5600 1.34545e+13 1.35534e+13 1.35853e+13 1.36166e+13 1.37458e+13 1.33142e+13 1.35589e+13 1.35477e+13 3.30821e+13
 6000 1.45326e+13 1.46463e+13 1.47032e+13 1.47318e+13 1.48391e+13 1.43823e+13 1.46511e+13 1.46416e+13 3.58026e+13
 6400 1.56097e+13 1.57396e+13 1.58258e+13 1.58502e+13 1.59295e+13 1.54495e+13 1.57431e+13 1.57358e+13 3.85272e+13
 6800 1.66858e+13 1.68324e+13 1.69476e+13 1.69712e+13 1.70167e+13 1.65172e+13 1.68351e+13 1.68298e+13 4.12474e+13
 7200 1.77604e+13 1.79227e+13 1.80691e+13 1.80957e+13 1.81013e+13 1.75866e+13 1.79278e+13 1.79237e+13 4.39578e+13
 7600 1.88362e+13 1.90119e+13 1.91918e+13 1.92223e+13 1.91847e+13 1.86573e+13 1.90215e+13 1.90182e+13 4.66603e+13
 8000 1.99158e+13 2.01017e+13 2.03159e+13 2.03494e+13 2.02717e+13 1.97303e+13 2.01171e+13 2.01147e+13 4.93552e+13
 8000 1.9739e+13 1.97663e+13 2.02213e+13 1.99927e+13 2.00422e+13 1.95474e+13 1.98607e+13 1.988e+13 4.89734e+13
 16000 4.13479e+13 4.13905e+13 4.27934e+13 4.24991e+13 4.19952e+13 4.0537e+13 4.16771e+13 4.17438e+13 1.02556e+14
 24000 6.28871e+13 6.26422e+13 6.50501e+13 6.46029e+13 6.49816e+13 6.17111e+13 6.37652e+13 6.36697e+13 1.55423e+14
 32000 8.46835e+13 8.38193e+13 8.73282e+13 8.6835e+13 8.90296e+13 8.32672e+13 8.63772e+13 8.59372e+13 2.07548e+14
 40000 1.07123e+14 1.03996e+14 1.09362e+14 1.09613e+14 1.13522e+14 1.05685e+14 1.09607e+14 1.08495e+14 2.60201e+14
 48000 1.29324e+14 1.24126e+14 1.31392e+14 1.32719e+14 1.38909e+14 1.28506e+14 1.33378e+14 1.31339e+14 3.11328e+14
 56000 1.5178e+14 1.45002e+14 1.53455e+14 1.55791e+14 1.63201e+14 1.51177e+14 1.56723e+14 1.54065e+14 3.6211e+14
 64000 1.74647e+14 1.67062e+14 1.76257e+14 1.78624e+14 1.87329e+14 1.74266e+14 1.80073e+14 1.77106e+14 4.1099e+14
 72000 1.97364e+14 1.89424e+14 1.99324e+14 2.01239e+14 2.11175e+14 1.97749e+14 2.03388e+14 2.00181e+14 4.60109e+14
 80000 2.19493e+14 2.12059e+14 2.22685e+14 2.24372e+14 2.34649e+14 2.20795e+14 2.26605e+14 2.23195e+14 5.09661e+14
 88000 2.41018e+14 2.34883e+14 2.4606e+14 2.47638e+14 2.57807e+14 2.4238e+14 2.49275e+14 2.45826e+14 5.59937e+14
 96000 2.62216e+14 2.58177e+14 2.70018e+14 2.70748e+14 2.79918e+14 2.63868e+14 2.71511e+14 2.68295e+14 6.10559e+14
 104000 2.83508e+14 2.80721e+14 2.94432e+14 2.94027e+14 3.01488e+14 2.84974e+14 2.93496e+14 2.90586e+14 6.61631e+14
 112000 3.05033e+14 3.03565e+14 3.18463e+14 3.18177e+14 3.23765e+14 3.06738e+14 3.16227e+14 3.13344e+14 7.12419e+14
 120000 3.26197e+14 3.26129e+14 3.42918e+14 3.42411e+14 3.45514e+14 3.28342e+14 3.38756e+14 3.35953e+14 7.62445e+14
 128000 3.476e+14 3.48314e+14 3.67537e+14 3.67063e+14 3.66851e+14 3.4913e+14 3.61015e+14 3.58402e+14 8.09989e+14
 136000 3.6933e+14 3.70623e+14 3.9265e+14 3.91276e+14 3.88051e+14 3.70375e+14 3.83234e+14 3.80954e+14 8.57998e+14
 144000 3.91895e+14 3.93224e+14 4.18031e+14 4.15288e+14 4.08898e+14 3.91619e+14 4.05268e+14 4.03581e+14 9.07174e+14
 152000 4.14872e+14 4.154e+14 4.43782e+14 4.39494e+14 4.29292e+14 4.13549e+14 4.27445e+14 4.26341e+14 9.5668e+14
 160000 4.37829e+14 4.37694e+14 4.69259e+14 4.62859e+14 4.49701e+14 4.35551e+14 4.49371e+14 4.48926e+14 1.00869e+15
 160000 4.09854e+14 4.1409e+14 4.43165e+14 4.65919e+14 4.52147e+14 4.54842e+14 4.57636e+14 4.4353e+14 1.02257e+15
 320000 8.73933e+14 8.94236e+14 9.72338e+14 9.44668e+14 8.43988e+14 9.0959e+14 8.99415e+14 9.0505e+14 1.92394e+15
 480000 1.34997e+15 1.41518e+15 1.64095e+15 1.39814e+15 1.2678e+15 1.37375e+15 1.34656e+15 1.39542e+15 2.75572e+15
 640000 1.89135e+15 1.91506e+15 2.35404e+15 1.90368e+15 1.59054e+15 1.87885e+15 1.79102e+15 1.89601e+15 3.68603e+15
 800000 2.43975e+15 2.41485e+15 2.99646e+15 2.44238e+15 1.86932e+15 2.37143e+15 2.22771e+15 2.38343e+15 4.64936e+15
 960000 3.00135e+15 2.9599e+15 3.6045e+15 2.94372e+15 2.18388e+15 2.87998e+15 2.66919e+15 2.87695e+15 5.74344e+15
 1.12e+06 3.54229e+15 3.45982e+15 4.1309e+15 3.47664e+15 2.50506e+15 3.45207e+15 3.14459e+15 3.37116e+15 6.80043e+15
 1.28e+06 4.07971e+15 3.95159e+15 4.59323e+15 4.13901e+15 2.81514e+15 4.02513e+15 3.65976e+15 3.87913e+15 7.65215e+15
 1.44e+06 4.5524e+15 4.42343e+15 5.05642e+15 4.78063e+15 3.04754e+15 4.56552e+15 4.13123e+15 4.34971e+15 8.63635e+15
 1.6e+06 4.93612e+15 4.93958e+15 5.51082e+15 5.37858e+15 3.26994e+15 5.07563e+15 4.57472e+15 4.79637e+15 9.76239e+15
 1.76e+06 5.31556e+15 5.45261e+15 5.93742e+15 6.08926e+15 3.45869e+15 5.57952e+15 5.04249e+15 5.25291e+15 1.09714e+16
 1.92e+06 5.68623e+15 6.01483e+15 6.39999e+15 6.76956e+15 3.69158e+15 6.06343e+15 5.50819e+15 5.71839e+15 1.22748e+16
 2.08e+06 6.04549e+15 6.52993e+15 6.81375e+15 7.46496e+15 3.86472e+15 6.49269e+15 5.94079e+15 6.1497e+15 1.35649e+16
 2.24e+06 6.35214e+15 7.02366e+15 7.2657e+15 8.12073e+15 4.08218e+15 6.96113e+15 6.38801e+15 6.58501e+15 1.47862e+16
 2.4e+06 6.65144e+15 7.51413e+15 7.72269e+15 8.79717e+15 4.31249e+15 7.3741e+15 6.82792e+15 7.01519e+15 1.61651e+16
 2.56e+06 6.94278e+15 7.98497e+15 8.23986e+15 9.53937e+15 4.53591e+15 7.83912e+15 7.3048e+15 7.47189e+15 1.74961e+16
 2.72e+06 7.1598e+15 8.38199e+15 8.77475e+15 1.03279e+16 4.77199e+15 8.342e+15 7.81398e+15 7.93059e+15 1.88365e+16
 2.88e+06 7.32047e+15 8.78164e+15 9.32136e+15 1.11161e+16 5.03064e+15 8.85952e+15 8.33541e+15 8.39104e+15 2.00653e+16
 3.04e+06 7.42597e+15 9.11993e+15 9.85371e+15 1.18363e+16 5.26965e+15 9.33855e+15 8.81484e+15 8.80885e+15 2.10801e+16
 3.2e+06 7.59802e+15 9.50581e+15 1.04516e+16 1.27121e+16 5.54118e+15 9.8199e+15 9.35771e+15 9.28868e+15 2.21527e+16
 3.2e+06 8.63841e+15 8.97125e+15 1.10113e+16 1.36088e+16 3.134e+15 6.75084e+15 7.8312e+15 8.51485e+15 1.9926e+16
 6.4e+06 1.94511e+16 1.66421e+16 2.71096e+16 2.54045e+16 8.14882e+15 1.62117e+16 1.65884e+16 1.83801e+16 4.5782e+16
 9.6e+06 2.36145e+16 2.03934e+16 3.75597e+16 3.84083e+16 1.41916e+16 2.39443e+16 2.55147e+16 2.61845e+16 5.9063e+16
 1.28e+07 2.97922e+16 2.08611e+16 4.80365e+16 3.49208e+16 1.78462e+16 3.09571e+16 2.7908e+16 2.99035e+16 6.09466e+16
 1.6e+07 4.24239e+16 2.53986e+16 5.35527e+16 3.14507e+16 1.77696e+16 3.47244e+16 2.79816e+16 3.29723e+16 6.08586e+16
 1.92e+07 4.12595e+16 1.97737e+16 3.94715e+16 3.18552e+16 1.50903e+16 3.44205e+16 2.7122e+16 2.96738e+16 6.14224e+16
 2.24e+07 4.64069e+16 1.05823e+16 3.09214e+16 3.6172e+16 1.1492e+16 2.9308e+16 2.56573e+16 2.71158e+16 5.31338e+16
 2.56e+07 6.73054e+16 1.2786e+16 4.2595e+16 3.70392e+16 9.97187e+15 2.22692e+16 2.30934e+16 3.02142e+16 4.09972e+16
 2.88e+07 7.79251e+16 1.52502e+16 4.38318e+16 2.27746e+16 7.99477e+15 2.86045e+16 1.97913e+16 3.01424e+16 3.5553e+16
 3.2e+07 7.97607e+16 1.81636e+16 4.26753e+16 1.62391e+16 1.26556e+16 3.51169e+16 2.13372e+16 3.15489e+16 1.67136e+16
 3.52e+07 1.07519e+17 2.48013e+16 6.85577e+16 8.94566e+15 2.11233e+16 4.67964e+16 2.56218e+16 4.21567e+16 1.87314e+16
 3.84e+07 1.58861e+17 4.04875e+16 9.58472e+16 4.46616e+15 2.84145e+16 6.36892e+16 3.21899e+16 5.86734e+16 3.43643e+16
 4.16e+07 1.98788e+17 3.69724e+16 1.13232e+17 1.21373e+16 3.68396e+16 6.72654e+16 3.87474e+16 6.97808e+16 4.79212e+16
 4.48e+07 2.73221e+17 2.0651e+16 1.65464e+17 2.41491e+16 3.60683e+16 7.51969e+16 4.51381e+16 8.83276e+16 3.35643e+16
 4.8e+07 3.36269e+17 7.94619e+15 2.6138e+17 5.41436e+16 3.12388e+16 8.63779e+16 5.72534e+16 1.15098e+17 1.14812e+15
 5.12e+07 3.48271e+17 6.34481e+15 2.606e+17 7.25702e+16 1.76627e+16 7.28566e+16 5.43632e+16 1.14647e+17 5.60925e+14
