# Time-averaged data for fix PEAve
# TimeStep v_PotEn
10000 -13564.6
20000 -13605.1
30000 -13602.5
40000 -13574.8
50000 -13586.9
60000 -13579.4
70000 -13595.8
80000 -13575
90000 -13595.9
100000 -13581.7
110000 -13576.3
120000 -13595.6
130000 -13590.3
140000 -13565.9
150000 -13572
160000 -13601.7
170000 -13577
180000 -13599.8
190000 -13605
200000 -13578.1
210000 -13608
220000 -13594.2
230000 -13586.6
240000 -13592.3
250000 -13597.2
260000 -13590.5
270000 -13582.7
280000 -13593.1
290000 -13604.1
300000 -13602.2
310000 -13586.1
320000 -13599.6
330000 -13576.3
340000 -13594.7
350000 -13594
360000 -13595.3
370000 -13586.3
380000 -13593.1
390000 -13580.4
400000 -13583
410000 -13572.2
420000 -13616.7
430000 -13598.7
440000 -13604.4
450000 -13615.8
460000 -13603.9
470000 -13621.8
480000 -13605.8
490000 -13557.1
500000 -13586.2
510000 -13598.8
520000 -13611.4
530000 -13587.4
540000 -13579.2
550000 -13587.1
560000 -13589.6
570000 -13586.4
580000 -13606.4
590000 -13618.7
600000 -13581.3
610000 -13593.9
620000 -13601.1
630000 -13596.7
640000 -13599.1
650000 -13598.7
660000 -13589.4
670000 -13580.5
680000 -13583
690000 -13601.6
700000 -13573.7
710000 -13566
720000 -13585.3
730000 -13594.7
740000 -13614.5
750000 -13588.9
760000 -13604.1
770000 -13559.1
780000 -13593.3
790000 -13589.6
800000 -13611.1
810000 -13583.5
820000 -13583.4
830000 -13592.8
840000 -13587.2
850000 -13588.7
860000 -13589.1
870000 -13592.5
880000 -13555.8
890000 -13572.7
900000 -13586.7
910000 -13592.6
920000 -13602.8
930000 -13588.2
940000 -13596.8
950000 -13592
960000 -13594.6
970000 -13599.2
980000 -13607.9
990000 -13565.3
1000000 -13587.8
1010000 -13605.8
1020000 -13588.2
1030000 -13595
1040000 -13592.4
1050000 -13602.5
1060000 -13596.9
1070000 -13599.7
1080000 -13582.1
1090000 -13596.5
1100000 -13572.3
1110000 -13600.3
1120000 -13595.8
1130000 -13596.2
1140000 -13583.4
1150000 -13585.1
1160000 -13585.3
1170000 -13585.3
1180000 -13584.7
1190000 -13574.7
1200000 -13608.8
1210000 -13582.5
1220000 -13602.5
1230000 -13588.3
1240000 -13577
1250000 -13581.4
1260000 -13602.4
1270000 -13600.8
1280000 -13606.4
1290000 -13585.6
1300000 -13604.6
1310000 -13601.4
1320000 -13584.7
1330000 -13596
1340000 -13598.1
1350000 -13625.7
1360000 -13593.8
1370000 -13569.7
1380000 -13577.5
1390000 -13575.2
1400000 -13580.7
1410000 -13605.8
1420000 -13609.1
1430000 -13596.1
1440000 -13603.4
1450000 -13585.3
1460000 -13581.1
1470000 -13607.8
1480000 -13604
1490000 -13601.7
1500000 -13580.2
1510000 -13580.8
1520000 -13594.3
1530000 -13584.6
1540000 -13584.3
1550000 -13573.1
1560000 -13572.9
1570000 -13580.2
1580000 -13588.5
1590000 -13576.6
1600000 -13586.9
1610000 -13604
1620000 -13590.5
1630000 -13592.5
1640000 -13584.6
1650000 -13597
1660000 -13596.2
1670000 -13591.2
1680000 -13586.5
1690000 -13585.4
1700000 -13599.4
1710000 -13612.9
1720000 -13598.6
1730000 -13594.7
1740000 -13616.4
1750000 -13584
1760000 -13578.1
1770000 -13595.5
1780000 -13613.9
1790000 -13608
1800000 -13596.9
1810000 -13610.2
1820000 -13601
1830000 -13594.3
1840000 -13562.9
1850000 -13582.9
1860000 -13605.3
1870000 -13609.6
1880000 -13595.8
1890000 -13587.1
1900000 -13574.5
1910000 -13592.9
1920000 -13592.6
1930000 -13575.2
1940000 -13576.7
1950000 -13583.8
1960000 -13588
1970000 -13606
1980000 -13568.8
1990000 -13603
2000000 -13568.1
2010000 -13579.8
2020000 -13577.8
2030000 -13579.1
2040000 -13588.2
2050000 -13585.2
2060000 -13614.1
2070000 -13585.1
2080000 -13594
2090000 -13606.9
2100000 -13616.5
2110000 -13597.9
2120000 -13591.3
2130000 -13569.8
2140000 -13577.1
2150000 -13590.7
2160000 -13589
2170000 -13578.1
2180000 -13596.3
2190000 -13609.3
2200000 -13588.5
2210000 -13570.3
2220000 -13571.4
2230000 -13589.5
2240000 -13614.1
2250000 -13578.7
2260000 -13571.5
2270000 -13586.8
2280000 -13570.5
2290000 -13603.4
2300000 -13595.1
2310000 -13585.4
2320000 -13603.3
2330000 -13587
2340000 -13579.2
2350000 -13596.3
2360000 -13586.3
2370000 -13604.8
2380000 -13584.5
2390000 -13597.7
2400000 -13588.1
2410000 -13598.8
2420000 -13573.7
2430000 -13600.4
2440000 -13592.9
2450000 -13590.6
2460000 -13607.7
2470000 -13588.4
2480000 -13601.5
2490000 -13603.1
2500000 -13601.2
2510000 -13574.9
2520000 -13567.4
2530000 -13617.9
2540000 -13590.4
2550000 -13571.4
2560000 -13599.3
2570000 -13600.1
2580000 -13584.9
2590000 -13575.5
2600000 -13568.8
2610000 -13599.1
2620000 -13583.4
2630000 -13615.6
2640000 -13599.2
2650000 -13601
2660000 -13578.5
2670000 -13571.9
2680000 -13602.1
2690000 -13600.7
2700000 -13606
2710000 -13593.9
2720000 -13569.9
2730000 -13591.6
2740000 -13597.4
2750000 -13591.9
2760000 -13561.3
2770000 -13595.5
2780000 -13598.4
2790000 -13578.7
2800000 -13581.7
2810000 -13603.1
2820000 -13596.8
2830000 -13605.8
2840000 -13570.2
2850000 -13588.8
2860000 -13574.7
2870000 -13587.5
2880000 -13589.2
2890000 -13615.6
2900000 -13616.5
2910000 -13600.4
2920000 -13579.7
2930000 -13576.8
2940000 -13581.2
2950000 -13593.2
2960000 -13580.9
2970000 -13573.7
2980000 -13610.9
2990000 -13593
3000000 -13612.8
3010000 -13597.3
3020000 -13603.8
3030000 -13604.8
3040000 -13586.3
3050000 -13589.5
3060000 -13587
3070000 -13578.5
3080000 -13597.4
3090000 -13587.6
3100000 -13591.5
3110000 -13631.2
3120000 -13572.2
3130000 -13592.2
3140000 -13604.2
3150000 -13591
3160000 -13576.9
3170000 -13580.8
3180000 -13595.9
3190000 -13585.5
3200000 -13594.3
3210000 -13579.3
3220000 -13613.1
3230000 -13601.2
3240000 -13604.2
3250000 -13587.7
3260000 -13597.2
3270000 -13576.9
3280000 -13587.6
3290000 -13601.2
3300000 -13615.4
3310000 -13603.8
3320000 -13587.1
3330000 -13609.3
3340000 -13591.3
3350000 -13577
3360000 -13616.1
3370000 -13571.4
3380000 -13582.5
3390000 -13582
3400000 -13591.3
3410000 -13587.7
3420000 -13589
3430000 -13567.4
3440000 -13592.5
3450000 -13560.2
3460000 -13573.3
3470000 -13576.8
3480000 -13595.7
3490000 -13577.5
3500000 -13564.1
3510000 -13595.2
3520000 -13592.5
3530000 -13590.4
3540000 -13591
3550000 -13588.8
3560000 -13587
3570000 -13591.5
3580000 -13587.3
3590000 -13606.9
3600000 -13607.2
3610000 -13607.9
3620000 -13577.8
3630000 -13598.2
3640000 -13572.9
3650000 -13599.1
3660000 -13590.6
3670000 -13585
3680000 -13592.9
3690000 -13599.9
3700000 -13590.8
3710000 -13605.3
3720000 -13578.3
3730000 -13596.2
3740000 -13585.4
3750000 -13597.2
3760000 -13599.1
3770000 -13592.7
3780000 -13576.8
3790000 -13584.3
3800000 -13585.7
3810000 -13582.2
3820000 -13609.8
3830000 -13610.2
3840000 -13587.6
3850000 -13591.5
3860000 -13616.2
3870000 -13606.3
3880000 -13599.7
3890000 -13595.3
3900000 -13589.8
3910000 -13592.6
3920000 -13605
3930000 -13598.7
3940000 -13577.4
3950000 -13604.7
3960000 -13567.2
3970000 -13577.2
3980000 -13596.1
3990000 -13600.4
4000000 -13593.6
4010000 -13587.8
4020000 -13631.4
4030000 -13594.4
4040000 -13586.1
4050000 -13589
4060000 -13592.8
4070000 -13597.7
4080000 -13574.8
4090000 -13604.6
4100000 -13598.7
4110000 -13603.7
4120000 -13590.9
4130000 -13573.5
4140000 -13605.2
4150000 -13587.9
4160000 -13618
4170000 -13611.2
4180000 -13597.2
4190000 -13591.6
4200000 -13580.8
4210000 -13591.5
4220000 -13587.6
4230000 -13588
4240000 -13597.1
4250000 -13589.4
4260000 -13588.2
4270000 -13573.4
4280000 -13601.8
4290000 -13600.4
4300000 -13581.5
4310000 -13584.4
4320000 -13578.9
4330000 -13612.1
4340000 -13608.4
4350000 -13610.7
4360000 -13595
4370000 -13606.3
4380000 -13577.8
4390000 -13588.8
4400000 -13582.9
4410000 -13608.5
4420000 -13590.3
4430000 -13604.6
4440000 -13588.6
4450000 -13615.3
4460000 -13569.4
4470000 -13582.2
4480000 -13596.3
4490000 -13600.9
4500000 -13593.2
4510000 -13570.5
4520000 -13604
4530000 -13573.7
4540000 -13583.5
4550000 -13582.2
4560000 -13606.9
4570000 -13585.3
4580000 -13604.3
4590000 -13571.5
4600000 -13615.1
4610000 -13613.2
4620000 -13593.5
4630000 -13592.7
4640000 -13577.3
4650000 -13597.8
4660000 -13599.6
4670000 -13600
4680000 -13601.7
4690000 -13593.4
4700000 -13571.6
4710000 -13590.6
4720000 -13581
4730000 -13597.9
4740000 -13598.8
4750000 -13571
4760000 -13603.9
4770000 -13573.9
4780000 -13569.5
4790000 -13569.1
4800000 -13608.5
4810000 -13608.9
4820000 -13599.9
4830000 -13576.9
4840000 -13598.9
4850000 -13591.8
4860000 -13600
4870000 -13593.4
4880000 -13610.8
4890000 -13614.6
4900000 -13604.3
4910000 -13586.6
4920000 -13581.9
4930000 -13577
4940000 -13599.5
4950000 -13588.9
4960000 -13569.5
4970000 -13592.6
4980000 -13592.5
4990000 -13570.7
5000000 -13599.1
5010000 -13606.1
5020000 -13597.3
5030000 -13572.8
5040000 -13606.7
5050000 -13589.5
5060000 -13598.5
5070000 -13601
5080000 -13577.6
5090000 -13595.2
5100000 -13585.9
5110000 -13584.1
5120000 -13593.7
5130000 -13592
5140000 -13603.2
5150000 -13601.2
5160000 -13586.2
5170000 -13588.4
5180000 -13579.3
5190000 -13600.1
5200000 -13584.5
5210000 -13585.7
5220000 -13596.1
5230000 -13599.1
5240000 -13576.4
5250000 -13583.5
5260000 -13603
5270000 -13606.1
5280000 -13606
5290000 -13612.9
5300000 -13586.1
5310000 -13595.4
5320000 -13612
5330000 -13612.6
5340000 -13599.3
5350000 -13594.2
5360000 -13593
5370000 -13582.5
5380000 -13599.5
5390000 -13589.5
5400000 -13590.9
5410000 -13601.9
5420000 -13575.2
5430000 -13610.2
5440000 -13590.3
5450000 -13603.6
5460000 -13592.4
5470000 -13604.7
5480000 -13605.6
5490000 -13604.1
5500000 -13594
5510000 -13577.3
5520000 -13596.8
5530000 -13567.6
5540000 -13596.1
5550000 -13578.8
5560000 -13580.7
5570000 -13584.1
5580000 -13594.2
5590000 -13622.2
5600000 -13586
5610000 -13591.2
5620000 -13573.8
5630000 -13598.8
5640000 -13573.4
5650000 -13580.2
5660000 -13592.9
5670000 -13592.5
5680000 -13603.6
5690000 -13592.2
5700000 -13575.5
5710000 -13596.6
5720000 -13604.7
5730000 -13594.9
5740000 -13587.2
5750000 -13591.3
5760000 -13610
5770000 -13594.8
5780000 -13582.3
5790000 -13575
5800000 -13609.7
5810000 -13584.4
5820000 -13593.9
5830000 -13592.6
5840000 -13584.9
5850000 -13587.5
5860000 -13590.8
5870000 -13592.1
5880000 -13598.2
5890000 -13606.9
5900000 -13610.2
5910000 -13602.7
5920000 -13574
5930000 -13592.7
5940000 -13585.6
5950000 -13587.4
5960000 -13618.1
5970000 -13598.7
5980000 -13610.3
5990000 -13600.5
6000000 -13588.9
6010000 -13600.8
6020000 -13599.3
6030000 -13598.9
6040000 -13593
6050000 -13604.8
6060000 -13587.3
6070000 -13603.1
6080000 -13592.1
6090000 -13600.7
6100000 -13589.3
6110000 -13592
6120000 -13602.5
6130000 -13584.2
6140000 -13582.9
6150000 -13611.4
6160000 -13581.5
6170000 -13610.4
6180000 -13593.8
6190000 -13598.3
6200000 -13593.2
6210000 -13599.5
6220000 -13595.8
6230000 -13578.5
6240000 -13601.2
6250000 -13582.6
6260000 -13597.8
6270000 -13573.6
6280000 -13564.5
6290000 -13598.5
6300000 -13577.9
6310000 -13602.4
6320000 -13571.8
6330000 -13607.2
6340000 -13616.9
6350000 -13619.7
6360000 -13589
6370000 -13584.3
6380000 -13594.4
6390000 -13608.1
6400000 -13601.6
6410000 -13594.5
6420000 -13595.6
6430000 -13577.5
6440000 -13576.9
6450000 -13590.4
6460000 -13582.9
6470000 -13582.6
6480000 -13593.1
6490000 -13586.5
6500000 -13585.9
6510000 -13609.5
6520000 -13580.1
6530000 -13584.3
6540000 -13580
6550000 -13607.1
6560000 -13573.5
6570000 -13577.3
6580000 -13594.7
6590000 -13596.8
6600000 -13583.5
6610000 -13588.8
6620000 -13583.8
6630000 -13586.9
6640000 -13581
6650000 -13627.3
6660000 -13573
6670000 -13568.4
6680000 -13585.3
6690000 -13577.8
6700000 -13592.1
6710000 -13606.4
6720000 -13586.6
6730000 -13586
6740000 -13581.6
6750000 -13594.7
6760000 -13603.4
6770000 -13610.4
6780000 -13596.9
6790000 -13591.4
6800000 -13607.3
6810000 -13598.9
6820000 -13600
6830000 -13606.9
6840000 -13598.2
6850000 -13591.8
6860000 -13589.4
6870000 -13606.5
6880000 -13607.5
6890000 -13616.5
6900000 -13605.1
6910000 -13606.7
6920000 -13593.7
6930000 -13591.6
6940000 -13588.7
6950000 -13599.4
6960000 -13566.4
6970000 -13569.9
6980000 -13594.1
6990000 -13601.4
7000000 -13567.8
7010000 -13563.9
7020000 -13595.2
7030000 -13600.1
7040000 -13589.7
7050000 -13598.9
7060000 -13574.9
7070000 -13602
7080000 -13580.8
7090000 -13585.3
7100000 -13582.6
7110000 -13587.9
7120000 -13594.7
7130000 -13584.4
7140000 -13581.8
7150000 -13589.1
7160000 -13580.6
7170000 -13574.3
7180000 -13597.4
7190000 -13568.8
7200000 -13593.9
7210000 -13590.1
7220000 -13605.7
7230000 -13586.4
7240000 -13571.8
7250000 -13605.1
7260000 -13586.6
7270000 -13594
7280000 -13584
7290000 -13616.7
7300000 -13601.1
7310000 -13588.4
7320000 -13590.3
7330000 -13583.5
7340000 -13604.3
7350000 -13588.6
7360000 -13597.4
7370000 -13606.6
7380000 -13595.8
7390000 -13596.7
7400000 -13600.3
7410000 -13583
7420000 -13584.4
7430000 -13587.5
7440000 -13599.4
7450000 -13608.1
7460000 -13573.2
7470000 -13574.6
7480000 -13582.1
7490000 -13594
7500000 -13597.5
7510000 -13573.6
7520000 -13617.5
7530000 -13614.2
7540000 -13583.3
7550000 -13593.7
7560000 -13579.5
7570000 -13582.2
7580000 -13594.6
7590000 -13594.1
7600000 -13590.5
7610000 -13592.7
7620000 -13602.3
7630000 -13591.4
7640000 -13581.9
7650000 -13605.3
7660000 -13592.9
7670000 -13615.2
7680000 -13581
7690000 -13598.2
7700000 -13596.7
7710000 -13590.1
7720000 -13605.7
7730000 -13590.9
7740000 -13629
7750000 -13605.1
7760000 -13590.7
7770000 -13582.9
7780000 -13596
7790000 -13588
7800000 -13595.7
7810000 -13589.9
7820000 -13590.4
7830000 -13600.2
7840000 -13609.2
7850000 -13591.3
7860000 -13597.1
7870000 -13619.4
7880000 -13583.3
7890000 -13602.4
7900000 -13599
7910000 -13591.6
7920000 -13593.3
7930000 -13575.9
7940000 -13567.7
7950000 -13592.5
7960000 -13595.8
7970000 -13612.7
7980000 -13582.3
7990000 -13571.6
8000000 -13607.2
8010000 -13592.9
8020000 -13601.3
8030000 -13607.3
8040000 -13571.9
8050000 -13595.1
8060000 -13579.9
8070000 -13605.4
8080000 -13593.4
8090000 -13587.9
8100000 -13597
8110000 -13587.7
8120000 -13576.3
8130000 -13583.9
8140000 -13579.7
8150000 -13564.8
8160000 -13591.4
8170000 -13615.8
8180000 -13580.6
8190000 -13585
8200000 -13590.7
8210000 -13563.6
8220000 -13594
8230000 -13597.8
8240000 -13603.6
8250000 -13586
8260000 -13581.8
8270000 -13606.8
8280000 -13623.8
8290000 -13592.5
8300000 -13593.3
8310000 -13580
8320000 -13610.3
8330000 -13581.5
8340000 -13590.6
8350000 -13599.9
8360000 -13565.2
8370000 -13599.6
8380000 -13600.6
8390000 -13580.7
8400000 -13563.2
8410000 -13599.3
8420000 -13611
8430000 -13583.6
8440000 -13598.9
8450000 -13611
8460000 -13588.6
8470000 -13581.7
8480000 -13559.4
8490000 -13596.9
8500000 -13599.7
8510000 -13588.7
8520000 -13612.1
8530000 -13615.6
8540000 -13616.3
8550000 -13599.2
8560000 -13598.4
8570000 -13584.1
8580000 -13619.9
8590000 -13597.2
8600000 -13589.5
8610000 -13599.1
8620000 -13579.6
8630000 -13597.9
8640000 -13608.1
8650000 -13584.9
8660000 -13602.3
8670000 -13618.4
8680000 -13601
8690000 -13575.8
8700000 -13593.3
8710000 -13560.5
8720000 -13579.6
8730000 -13597.7
8740000 -13579
8750000 -13572.9
8760000 -13585.8
8770000 -13611.9
8780000 -13599.2
8790000 -13591.4
8800000 -13612.1
8810000 -13588
8820000 -13561.5
8830000 -13595
8840000 -13606.7
8850000 -13582.5
8860000 -13558.8
8870000 -13585.7
8880000 -13608.2
8890000 -13599.6
8900000 -13587
8910000 -13607.1
8920000 -13601.7
8930000 -13568.9
8940000 -13589.6
8950000 -13598.3
8960000 -13609.5
8970000 -13614.3
8980000 -13590.3
8990000 -13593.2
9000000 -13583.1
9010000 -13585.6
9020000 -13581.7
9030000 -13594.5
9040000 -13593.9
9050000 -13607.1
9060000 -13618.5
9070000 -13598.2
9080000 -13606.3
9090000 -13592.4
9100000 -13581.2
9110000 -13582.7
9120000 -13595.9
9130000 -13581
9140000 -13608.6
9150000 -13580.4
9160000 -13595.7
9170000 -13594.6
9180000 -13599
9190000 -13582.4
9200000 -13599.1
9210000 -13581.3
9220000 -13601.7
9230000 -13606.8
9240000 -13603.4
9250000 -13589.5
9260000 -13586.2
9270000 -13560.4
9280000 -13585.1
9290000 -13588.7
9300000 -13591.6
9310000 -13591
9320000 -13569.2
9330000 -13581
9340000 -13608.9
9350000 -13586.4
9360000 -13597.7
9370000 -13594.5
9380000 -13587.8
9390000 -13603.2
9400000 -13599.5
9410000 -13599.2
9420000 -13614.7
9430000 -13604
9440000 -13608.6
9450000 -13581.1
9460000 -13582.8
9470000 -13583.8
9480000 -13591.4
9490000 -13588.9
9500000 -13588.4
9510000 -13606.9
9520000 -13593.7
9530000 -13608.6
9540000 -13599.7
9550000 -13596.2
9560000 -13569.9
9570000 -13597
9580000 -13598.6
9590000 -13601.4
9600000 -13610.3
9610000 -13583.6
9620000 -13588.2
9630000 -13596.2
9640000 -13607.6
9650000 -13584.1
9660000 -13576.6
9670000 -13599.7
9680000 -13576.4
9690000 -13590.6
9700000 -13605.1
9710000 -13577.2
9720000 -13607.3
9730000 -13584.4
9740000 -13597
9750000 -13600.4
9760000 -13594.8
9770000 -13582.4
9780000 -13597.6
9790000 -13600.5
9800000 -13599.7
9810000 -13594.6
9820000 -13587.8
9830000 -13592.4
9840000 -13630
9850000 -13596.1
9860000 -13592.1
9870000 -13578.4
9880000 -13595.9
9890000 -13566.1
9900000 -13592.6
9910000 -13575.1
9920000 -13597.8
9930000 -13574.9
9940000 -13579.7
9950000 -13575.2
9960000 -13576
9970000 -13576.1
9980000 -13605.9
9990000 -13606.4
10000000 -13609.2
10010000 -13597.2
10020000 -13620.2
10030000 -13581.2
10040000 -13587.3
10050000 -13592.8
10060000 -13588
10070000 -13599.9
10080000 -13590.5
10090000 -13588.3
10100000 -13595.7
10110000 -13592.6
10120000 -13575.6
10130000 -13587.7
10140000 -13576.6
10150000 -13591.1
10160000 -13613.6
10170000 -13596
10180000 -13578.9
10190000 -13587.2
10200000 -13606.7
10210000 -13597.7
10220000 -13553.8
10230000 -13617.1
10240000 -13589.2
10250000 -13577.1
10260000 -13599
10270000 -13604.4
10280000 -13587.8
10290000 -13600.4
10300000 -13620.4
10310000 -13593.8
10320000 -13595.6
10330000 -13586.8
10340000 -13581.5
10350000 -13597
10360000 -13604.7
10370000 -13603.3
10380000 -13606.7
10390000 -13592.3
10400000 -13627.6
10410000 -13587.2
10420000 -13582.1
10430000 -13588
10440000 -13627.8
10450000 -13612.3
10460000 -13610.5
10470000 -13578.2
10480000 -13579.6
10490000 -13596.8
10500000 -13586.6
10510000 -13583
10520000 -13614.7
10530000 -13602.6
10540000 -13578.6
10550000 -13592.8
10560000 -13602.4
10570000 -13595.4
10580000 -13597.2
10590000 -13581
10600000 -13589.3
10610000 -13584.4
10620000 -13579.8
10630000 -13601
10640000 -13596
10650000 -13584.6
10660000 -13599.1
10670000 -13603.6
10680000 -13606.1
10690000 -13606.3
10700000 -13582.8
10710000 -13581.3
10720000 -13580.3
10730000 -13602.1
10740000 -13599.7
10750000 -13587.4
10760000 -13619.2
10770000 -13613.1
10780000 -13598.3
10790000 -13570.5
10800000 -13602.4
10810000 -13586.7
10820000 -13598.9
10830000 -13620.7
10840000 -13600.6
10850000 -13595.3
10860000 -13588.8
10870000 -13588.5
10880000 -13591.6
10890000 -13571.7
10900000 -13599.7
10910000 -13598.4
10920000 -13599.1
10930000 -13595.9
10940000 -13581.2
10950000 -13595.6
10960000 -13598.9
10970000 -13600.4
10980000 -13585.9
10990000 -13560.3
11000000 -13563.2
11010000 -13590.8
11020000 -13578.6
11030000 -13594.4
11040000 -13602.5
11050000 -13593.9
11060000 -13581.6
11070000 -13566.3
11080000 -13580
11090000 -13592.2
11100000 -13590.2
11110000 -13589.9
11120000 -13598.6
11130000 -13580.8
11140000 -13584.8
11150000 -13594.2
11160000 -13593.2
11170000 -13585.7
11180000 -13581.5
11190000 -13593.9
11200000 -13614.8
11210000 -13591.8
11220000 -13615.7
11230000 -13595
11240000 -13588.5
11250000 -13612.1
11260000 -13599.7
11270000 -13579.2
11280000 -13614.6
11290000 -13564.3
11300000 -13590.9
11310000 -13605.7
11320000 -13596.3
11330000 -13608.2
11340000 -13575.1
11350000 -13608.3
11360000 -13599.2
11370000 -13599.9
11380000 -13582.8
11390000 -13583.9
11400000 -13592.3
11410000 -13591.7
11420000 -13593.3
11430000 -13597.1
11440000 -13596.1
11450000 -13619.4
11460000 -13588.9
11470000 -13588.7
11480000 -13589
11490000 -13591.9
11500000 -13607.9
11510000 -13593
11520000 -13585.5
11530000 -13589.2
11540000 -13593
11550000 -13586.3
11560000 -13596.5
11570000 -13582.2
11580000 -13569.8
11590000 -13570.1
11600000 -13589.8
11610000 -13596.4
11620000 -13594.2
11630000 -13584.3
11640000 -13601.3
11650000 -13606.4
11660000 -13591.3
11670000 -13596
11680000 -13591.6
11690000 -13593.2
11700000 -13603.6
11710000 -13585.2
11720000 -13580
11730000 -13604.3
11740000 -13606.7
11750000 -13592.2
11760000 -13580.6
11770000 -13571.1
11780000 -13606.4
11790000 -13603.6
11800000 -13614.7
11810000 -13601.4
11820000 -13607.2
11830000 -13575.8
11840000 -13596.9
11850000 -13582.9
11860000 -13590.3
11870000 -13589.9
11880000 -13598.6
11890000 -13604
11900000 -13611
11910000 -13612.6
11920000 -13591.5
11930000 -13582.5
11940000 -13595.5
11950000 -13598.2
11960000 -13575.2
11970000 -13593.2
11980000 -13551.4
11990000 -13588.7
12000000 -13596.9
12010000 -13596.8
12020000 -13559.1
12030000 -13596
12040000 -13581.1
12050000 -13611.7
12060000 -13576.7
12070000 -13585
12080000 -13606.3
12090000 -13608.3
12100000 -13599.7
12110000 -13576.7
12120000 -13586.5
12130000 -13599.1
12140000 -13603.5
12150000 -13609.8
12160000 -13604.7
12170000 -13602
12180000 -13577.8
12190000 -13592.5
12200000 -13606
12210000 -13595.2
12220000 -13578.2
12230000 -13598.9
12240000 -13595.5
12250000 -13592.2
12260000 -13595.3
12270000 -13595.5
12280000 -13601.6
12290000 -13579.2
12300000 -13624.8
12310000 -13590.8
12320000 -13604.6
12330000 -13590.3
12340000 -13594.8
12350000 -13590.8
12360000 -13598.1
12370000 -13602.1
12380000 -13590
12390000 -13596.1
12400000 -13581.7
12410000 -13586.6
12420000 -13582.8
12430000 -13580.9
12440000 -13597.3
12450000 -13604.4
12460000 -13613.6
12470000 -13592.4
12480000 -13575.8
12490000 -13604.7
12500000 -13588.8
12510000 -13586.3
12520000 -13604.5
12530000 -13600.7
12540000 -13599.5
12550000 -13613.2
12560000 -13606.9
12570000 -13571.7
12580000 -13605.4
12590000 -13579.8
12600000 -13592.2
12610000 -13585.3
12620000 -13591.8
12630000 -13580.5
12640000 -13588.9
12650000 -13596.7
12660000 -13605.4
12670000 -13596
12680000 -13593.9
12690000 -13605.3
12700000 -13551.6
12710000 -13600.5
12720000 -13603.8
12730000 -13580.5
12740000 -13580.1
12750000 -13590.7
12760000 -13606.2
12770000 -13596.5
12780000 -13585.2
12790000 -13601.2
12800000 -13601.1
12810000 -13604.6
12820000 -13575
12830000 -13596
12840000 -13608
12850000 -13598.1
12860000 -13592
12870000 -13588.7
12880000 -13605.5
12890000 -13588
12900000 -13599.6
12910000 -13587.7
12920000 -13591.9
12930000 -13603
12940000 -13584.7
12950000 -13590.2
12960000 -13574.6
12970000 -13567.6
12980000 -13579.6
12990000 -13577.2
13000000 -13573.4
13010000 -13592.8
13020000 -13585.7
13030000 -13596.9
13040000 -13554.8
13050000 -13587.9
13060000 -13572.4
13070000 -13592.7
13080000 -13584.8
13090000 -13570.6
13100000 -13586.6
13110000 -13561.1
13120000 -13606.6
13130000 -13593.6
13140000 -13594
13150000 -13609.3
13160000 -13588.3
13170000 -13570
13180000 -13569.3
13190000 -13591.6
13200000 -13587.9
13210000 -13580.5
13220000 -13611
13230000 -13587.1
13240000 -13605.1
13250000 -13609.3
13260000 -13597.1
13270000 -13579.5
13280000 -13572.3
13290000 -13593.6
13300000 -13612.5
13310000 -13579.2
13320000 -13583.5
13330000 -13581.2
13340000 -13606.3
13350000 -13584.9
13360000 -13599.4
13370000 -13599.2
13380000 -13612
13390000 -13585.6
13400000 -13586.1
13410000 -13590.4
13420000 -13590.6
13430000 -13581
13440000 -13573
13450000 -13589
13460000 -13611.8
13470000 -13588.4
13480000 -13582.4
13490000 -13605.5
13500000 -13586.5
13510000 -13574.4
13520000 -13566.5
13530000 -13595.1
13540000 -13581.1
13550000 -13595
13560000 -13590.9
13570000 -13598.6
13580000 -13572
13590000 -13584.8
13600000 -13584.8
13610000 -13583.3
13620000 -13595.6
13630000 -13609.3
13640000 -13588.3
13650000 -13585.8
13660000 -13580.9
13670000 -13592.2
13680000 -13589
13690000 -13553.3
13700000 -13582
13710000 -13616.6
13720000 -13592.1
13730000 -13590.6
13740000 -13610.8
13750000 -13600
13760000 -13586.7
13770000 -13594.3
13780000 -13608.9
13790000 -13597.9
13800000 -13590.7
13810000 -13585.3
13820000 -13593.3
13830000 -13610.8
13840000 -13575.9
13850000 -13598.7
13860000 -13612.7
13870000 -13607.5
13880000 -13580.4
13890000 -13600.8
13900000 -13607.1
13910000 -13586.1
13920000 -13608.7
13930000 -13595.7
13940000 -13586.6
13950000 -13616.4
13960000 -13592.7
13970000 -13605.5
13980000 -13572.3
13990000 -13602.2
14000000 -13581.3
14010000 -13596.6
14020000 -13577.1
14030000 -13607.2
14040000 -13616.2
14050000 -13602.9
14060000 -13590.1
14070000 -13578.5
14080000 -13598.7
14090000 -13606.9
14100000 -13598.5
14110000 -13577.2
14120000 -13591.2
14130000 -13588
14140000 -13593.5
14150000 -13607.2
14160000 -13599
14170000 -13583
14180000 -13583.1
14190000 -13580
14200000 -13586.1
14210000 -13579.3
14220000 -13611.5
14230000 -13588.7
14240000 -13589.3
14250000 -13584
14260000 -13592.6
14270000 -13608.9
14280000 -13599.9
14290000 -13600.4
14300000 -13587.5
14310000 -13592.9
14320000 -13598.9
14330000 -13590.3
14340000 -13594.1
14350000 -13576.1
14360000 -13611.3
14370000 -13604.6
14380000 -13586.9
14390000 -13592
14400000 -13581.5
14410000 -13602.1
14420000 -13603.8
14430000 -13595.8
14440000 -13584.5
14450000 -13602.8
14460000 -13576.9
14470000 -13613.5
14480000 -13577.2
14490000 -13637.3
14500000 -13601.7
14510000 -13583
14520000 -13603.4
14530000 -13593.9
14540000 -13581.8
14550000 -13575.5
14560000 -13613.2
14570000 -13613.8
14580000 -13590.8
14590000 -13584.8
14600000 -13579.4
14610000 -13600.3
14620000 -13583
14630000 -13600.7
14640000 -13584.9
14650000 -13599.8
14660000 -13593.9
14670000 -13594.7
14680000 -13589
14690000 -13611.7
14700000 -13623.4
14710000 -13594.6
14720000 -13582.5
14730000 -13608.3
14740000 -13600.1
14750000 -13583.7
14760000 -13570.6
14770000 -13596.5
14780000 -13582.1
14790000 -13614
14800000 -13594.4
14810000 -13590.9
14820000 -13586.3
14830000 -13600
14840000 -13625.4
14850000 -13604.1
14860000 -13607.1
14870000 -13591.4
14880000 -13598.4
14890000 -13596.5
14900000 -13596.5
14910000 -13599.5
14920000 -13617.3
14930000 -13572.6
14940000 -13572.4
14950000 -13565.1
14960000 -13574.8
14970000 -13589.1
14980000 -13575.3
14990000 -13582
15000000 -13590.2
15010000 -13582.3
15020000 -13585.7
15030000 -13602.3
15040000 -13594.3
15050000 -13592
15060000 -13580
15070000 -13599.1
15080000 -13623.7
15090000 -13573.6
15100000 -13617.6
15110000 -13587
15120000 -13578.5
15130000 -13619.1
15140000 -13611.5
15150000 -13590
15160000 -13594.3
15170000 -13617.8
15180000 -13588.1
15190000 -13583.7
15200000 -13596.5
15210000 -13590
15220000 -13594
15230000 -13590.4
15240000 -13588.3
15250000 -13570
15260000 -13589.3
15270000 -13592.7
15280000 -13599.5
15290000 -13592.2
15300000 -13596.2
15310000 -13592.7
15320000 -13580.4
15330000 -13585.1
15340000 -13564.7
15350000 -13582.9
15360000 -13594.1
15370000 -13610
15380000 -13583.9
15390000 -13598.3
15400000 -13589
15410000 -13600.3
15420000 -13579
15430000 -13588
15440000 -13618.3
15450000 -13594.9
15460000 -13600.2
15470000 -13591.5
15480000 -13569.4
15490000 -13595.5
15500000 -13587.2
15510000 -13593.3
15520000 -13585
15530000 -13604.5
15540000 -13604.9
15550000 -13588.3
15560000 -13602.5
15570000 -13571.8
15580000 -13592.6
15590000 -13606.7
15600000 -13593.2
15610000 -13591.5
15620000 -13607.4
15630000 -13608.5
15640000 -13584.1
15650000 -13591.3
15660000 -13600
15670000 -13586
15680000 -13582.3
15690000 -13603.3
15700000 -13596.1
15710000 -13575
15720000 -13591.2
15730000 -13587.2
15740000 -13575.5
15750000 -13605.8
15760000 -13590.5
15770000 -13575
15780000 -13563.6
15790000 -13602.1
15800000 -13613.7
15810000 -13585.4
15820000 -13616.8
15830000 -13586.5
15840000 -13579
15850000 -13593.8
15860000 -13606.7
15870000 -13589.9
15880000 -13583.5
15890000 -13596.4
15900000 -13588.9
15910000 -13597.6
15920000 -13595
15930000 -13599.9
15940000 -13579.7
15950000 -13603.1
15960000 -13585.8
15970000 -13585.7
15980000 -13591.1
15990000 -13594.5
16000000 -13610
16010000 -13587.1
16020000 -13604.6
16030000 -13580.8
16040000 -13585.6
16050000 -13585.8
16060000 -13592.8
16070000 -13600.6
16080000 -13577
16090000 -13615.5
16100000 -13594.2
16110000 -13590.3
16120000 -13577.2
16130000 -13586.4
16140000 -13592.5
16150000 -13582.4
16160000 -13627.4
16170000 -13587.4
16180000 -13586.1
16190000 -13624
16200000 -13585.9
16210000 -13609
16220000 -13571.2
16230000 -13612.3
16240000 -13571.6
16250000 -13589.1
16260000 -13610.4
16270000 -13604.3
16280000 -13597.5
16290000 -13595.8
16300000 -13599.5
16310000 -13600.8
16320000 -13580.9
16330000 -13591.2
16340000 -13586.5
16350000 -13592.1
16360000 -13577.9
16370000 -13580.1
16380000 -13610
16390000 -13599.1
16400000 -13581.1
16410000 -13613.1
16420000 -13577
16430000 -13580.1
16440000 -13596.8
16450000 -13591.6
16460000 -13582.8
16470000 -13584.6
16480000 -13611.1
16490000 -13592.9
16500000 -13591
16510000 -13590.2
16520000 -13605.4
16530000 -13601.5
16540000 -13613.5
16550000 -13567.1
16560000 -13604.4
16570000 -13609.4
16580000 -13598.1
16590000 -13599.7
16600000 -13595.5
16610000 -13591.6
16620000 -13589.3
16630000 -13580.8
16640000 -13590.3
16650000 -13607.1
16660000 -13595.4
16670000 -13604
16680000 -13584.2
16690000 -13595.6
16700000 -13594.9
16710000 -13602.5
16720000 -13596.8
16730000 -13590.2
16740000 -13588.4
16750000 -13603.9
16760000 -13575.5
16770000 -13588.7
16780000 -13589.5
16790000 -13594.8
16800000 -13575
16810000 -13580.7
16820000 -13595.1
16830000 -13598.9
16840000 -13586.1
16850000 -13579.4
16860000 -13604.3
16870000 -13625.3
16880000 -13579.4
16890000 -13589.1
16900000 -13597.5
16910000 -13606
16920000 -13604.3
16930000 -13590.7
16940000 -13593.4
16950000 -13606.1
16960000 -13579.7
16970000 -13598
16980000 -13583.6
16990000 -13588.3
17000000 -13572.9
17010000 -13569.3
17020000 -13594.6
17030000 -13597.7
17040000 -13594.5
17050000 -13590.4
17060000 -13608.4
17070000 -13593.2
17080000 -13594.8
17090000 -13594.4
17100000 -13560.4
17110000 -13598
17120000 -13593.6
17130000 -13608.1
17140000 -13602.2
17150000 -13592.8
17160000 -13575.2
17170000 -13556.8
17180000 -13589.7
17190000 -13590.4
17200000 -13595
17210000 -13611
17220000 -13601.7
17230000 -13587.9
17240000 -13597.7
17250000 -13584.1
17260000 -13587.3
17270000 -13597.2
17280000 -13590
17290000 -13569.3
17300000 -13595.1
17310000 -13594.7
17320000 -13594.8
17330000 -13592.6
17340000 -13573.6
17350000 -13607.2
17360000 -13602
17370000 -13596.8
17380000 -13585.8
17390000 -13575.7
17400000 -13603.9
17410000 -13589
17420000 -13593.8
17430000 -13589.4
17440000 -13613.3
17450000 -13590.6
17460000 -13586.7
17470000 -13589.5
17480000 -13596.6
17490000 -13584.7
17500000 -13603.4
17510000 -13606.8
17520000 -13595
17530000 -13588.3
17540000 -13593.1
17550000 -13584.8
17560000 -13593.4
17570000 -13563.7
17580000 -13587.5
17590000 -13606.9
17600000 -13590.4
17610000 -13611.8
17620000 -13606.1
17630000 -13582
17640000 -13599.1
17650000 -13580.3
17660000 -13575.3
17670000 -13591.7
17680000 -13602.7
17690000 -13564.4
17700000 -13589.3
17710000 -13608.2
17720000 -13580.8
17730000 -13601.8
17740000 -13589.7
17750000 -13593.1
17760000 -13597.5
17770000 -13592.3
17780000 -13588.6
17790000 -13602.7
17800000 -13594.4
17810000 -13597
17820000 -13589.5
17830000 -13580.2
17840000 -13601.2
17850000 -13597.8
17860000 -13593.3
17870000 -13604.1
17880000 -13602.3
17890000 -13626.2
17900000 -13576.1
17910000 -13602.2
17920000 -13596.2
17930000 -13564.3
17940000 -13613.9
17950000 -13584.1
17960000 -13609.2
17970000 -13587.1
17980000 -13596.3
17990000 -13606.7
18000000 -13589.4
18010000 -13597.1
18020000 -13594.4
18030000 -13584
18040000 -13577.5
18050000 -13586.1
18060000 -13588.7
18070000 -13581.7
18080000 -13582.5
18090000 -13606.8
18100000 -13580.4
18110000 -13619.8
18120000 -13588.2
18130000 -13579.7
18140000 -13586.3
18150000 -13579.4
18160000 -13593
18170000 -13598.8
18180000 -13612
18190000 -13598.7
18200000 -13604.6
18210000 -13607.3
18220000 -13563.4
18230000 -13587.7
18240000 -13613.9
18250000 -13594.1
18260000 -13602.3
18270000 -13597.5
18280000 -13609.4
18290000 -13591.6
18300000 -13586.1
18310000 -13616.6
18320000 -13610.2
18330000 -13583.3
18340000 -13570.7
18350000 -13583.3
18360000 -13593.3
18370000 -13582.6
18380000 -13578.8
18390000 -13600.7
18400000 -13602.2
18410000 -13620.2
18420000 -13597.1
18430000 -13589.4
18440000 -13601
18450000 -13612.6
18460000 -13608.9
18470000 -13596.6
18480000 -13601.3
18490000 -13589.8
18500000 -13598.3
18510000 -13605.7
18520000 -13594.3
18530000 -13584.3
18540000 -13572.4
18550000 -13574.4
18560000 -13576.2
18570000 -13597.5
18580000 -13592.2
18590000 -13586.7
18600000 -13592.5
18610000 -13590
18620000 -13607.8
18630000 -13582.3
18640000 -13579
18650000 -13555.3
18660000 -13598.2
18670000 -13562.4
18680000 -13600.2
18690000 -13602.2
18700000 -13611.3
18710000 -13612.1
18720000 -13606.8
18730000 -13611.9
18740000 -13597.5
18750000 -13567.8
18760000 -13580.5
18770000 -13571.9
18780000 -13587.9
18790000 -13591.3
18800000 -13604.1
18810000 -13586.3
18820000 -13568
18830000 -13584.5
18840000 -13594.1
18850000 -13577.1
18860000 -13603
18870000 -13591.3
18880000 -13586.1
18890000 -13604.5
18900000 -13586.6
18910000 -13589.4
18920000 -13569.3
18930000 -13575.5
18940000 -13587.9
18950000 -13589.5
18960000 -13598.4
18970000 -13576.4
18980000 -13590.7
18990000 -13573.4
19000000 -13614.1
19010000 -13588.5
19020000 -13598.1
19030000 -13584.6
19040000 -13595.8
19050000 -13593.3
19060000 -13602.7
19070000 -13594.7
19080000 -13607.2
19090000 -13604.4
19100000 -13602.5
19110000 -13588.9
19120000 -13602.5
19130000 -13612.4
19140000 -13599.6
19150000 -13586.9
19160000 -13573.3
19170000 -13587.1
19180000 -13614.5
19190000 -13593.4
19200000 -13583.1
19210000 -13584.8
19220000 -13592.6
19230000 -13567.6
19240000 -13594.2
19250000 -13571.8
19260000 -13609.6
19270000 -13602.5
19280000 -13561.6
19290000 -13609.3
19300000 -13588
19310000 -13585.4
19320000 -13602.6
19330000 -13619.4
19340000 -13599.3
19350000 -13594.8
19360000 -13596
19370000 -13599.9
19380000 -13579
19390000 -13596.5
19400000 -13590.8
19410000 -13601
19420000 -13599.7
19430000 -13609.1
19440000 -13585.6
19450000 -13604.9
19460000 -13590.5
19470000 -13601.3
19480000 -13590.9
19490000 -13571.9
19500000 -13568.4
19510000 -13606
19520000 -13568.3
19530000 -13569.1
19540000 -13585.1
19550000 -13600.4
19560000 -13577.3
19570000 -13607.2
19580000 -13574.7
19590000 -13597.4
19600000 -13608.6
19610000 -13607.1
19620000 -13589.3
19630000 -13601.7
19640000 -13608.5
19650000 -13584.6
19660000 -13593.8
19670000 -13599
19680000 -13592.9
19690000 -13595
19700000 -13599.1
19710000 -13550.5
19720000 -13598
19730000 -13579.4
19740000 -13611.1
19750000 -13627.8
19760000 -13595.1
19770000 -13596.4
19780000 -13609.7
19790000 -13589.9
19800000 -13586
19810000 -13586.2
19820000 -13597.7
19830000 -13590.2
19840000 -13615.1
19850000 -13583.9
19860000 -13578.7
19870000 -13601.1
19880000 -13581.3
19890000 -13610
19900000 -13589.7
19910000 -13589.6
19920000 -13602
19930000 -13582.6
19940000 -13619.5
19950000 -13564.7
19960000 -13579.6
19970000 -13607.7
19980000 -13600.8
19990000 -13594.9
20000000 -13610.5
20010000 -13572
20020000 -13588.9
20030000 -13595.7
20040000 -13585.9
20050000 -13604
20060000 -13582.9
20070000 -13599.1
20080000 -13605.5
20090000 -13581.5
20100000 -13600.1
20110000 -13601.1
20120000 -13606.7
20130000 -13611.6
20140000 -13614.4
20150000 -13594.4
20160000 -13591.2
20170000 -13571.8
20180000 -13602.5
20190000 -13588.4
20200000 -13588.3
20210000 -13594.8
20220000 -13589.4
20230000 -13587.2
20240000 -13597.4
20250000 -13600.6
20260000 -13605.6
20270000 -13610.2
20280000 -13616.4
20290000 -13614
20300000 -13607
20310000 -13578.9
20320000 -13573.7
20330000 -13587
20340000 -13579.3
20350000 -13583.7
20360000 -13597.9
20370000 -13614.5
20380000 -13578
20390000 -13595.2
20400000 -13601.7
20410000 -13603.7
20420000 -13596.3
20430000 -13599.2
20440000 -13602.2
20450000 -13586.9
20460000 -13598.4
20470000 -13580.5
20480000 -13603.1
20490000 -13576.9
20500000 -13576.5
20510000 -13587.5
20520000 -13593.4
20530000 -13600.1
20540000 -13615.9
20550000 -13595.9
20560000 -13588.7
20570000 -13603.6
20580000 -13583.7
20590000 -13586.7
20600000 -13595
20610000 -13621.5
20620000 -13578.4
20630000 -13605.7
20640000 -13570.2
20650000 -13575.4
20660000 -13593.9
20670000 -13610.8
20680000 -13584.9
20690000 -13589.1
20700000 -13577.5
20710000 -13606
20720000 -13609.2
20730000 -13588.4
20740000 -13612.5
20750000 -13580.4
20760000 -13569.9
20770000 -13581
20780000 -13583.3
20790000 -13586.8
20800000 -13574.4
20810000 -13611.8
20820000 -13598.4
20830000 -13603.9
20840000 -13606.7
20850000 -13621.6
20860000 -13592.2
20870000 -13596.2
20880000 -13591.2
20890000 -13577.4
20900000 -13591.7
20910000 -13586.9
20920000 -13595.3
20930000 -13589
20940000 -13601.5
20950000 -13590
20960000 -13579.7
20970000 -13598
20980000 -13600.3
20990000 -13577.4
21000000 -13585.9
21010000 -13592.8
21020000 -13576.2
21030000 -13600.3
21040000 -13601.7
21050000 -13612.5
21060000 -13573.9
21070000 -13590.7
21080000 -13603.2
21090000 -13595.1
21100000 -13592.4
21110000 -13589.9
21120000 -13586.4
21130000 -13588.3
21140000 -13586
21150000 -13609
21160000 -13583.2
21170000 -13592.7
21180000 -13575.3
21190000 -13602.3
21200000 -13591
21210000 -13592.2
21220000 -13565.3
21230000 -13601.7
21240000 -13576.9
21250000 -13583.4
21260000 -13582.6
21270000 -13600.2
21280000 -13592.3
21290000 -13577.9
21300000 -13609.4
21310000 -13590.2
21320000 -13585.7
21330000 -13589.8
21340000 -13593.2
21350000 -13601.4
21360000 -13608
21370000 -13611.1
21380000 -13570.8
21390000 -13581
21400000 -13581.2
21410000 -13573.5
21420000 -13579.6
21430000 -13584.5
21440000 -13589.2
21450000 -13598.1
21460000 -13605.2
21470000 -13586
21480000 -13568.9
21490000 -13578.8
21500000 -13589.3
21510000 -13598.3
21520000 -13578.6
21530000 -13574.1
21540000 -13614.4
21550000 -13603.6
21560000 -13597.3
21570000 -13584.8
21580000 -13575.2
21590000 -13618.6
21600000 -13591.7
21610000 -13597.9
21620000 -13590.3
21630000 -13601.2
21640000 -13600.6
21650000 -13599.5
21660000 -13604.3
21670000 -13583.5
21680000 -13593.3
21690000 -13606.3
21700000 -13598.7
21710000 -13602.3
21720000 -13607.3
21730000 -13585.1
21740000 -13573.9
21750000 -13594.6
21760000 -13559.6
21770000 -13607.2
21780000 -13602.9
21790000 -13585.7
21800000 -13575.3
21810000 -13598.2
21820000 -13589.1
21830000 -13603.4
21840000 -13599.2
21850000 -13594.5
21860000 -13611.7
21870000 -13617.7
21880000 -13611
21890000 -13583.4
21900000 -13600.5
21910000 -13586
21920000 -13601.4
21930000 -13584.5
21940000 -13604.7
21950000 -13602.3
21960000 -13591.2
21970000 -13576.2
21980000 -13615.8
21990000 -13577.1
22000000 -13612.1
22010000 -13601.4
22020000 -13621.5
22030000 -13608.3
22040000 -13591.3
22050000 -13578.1
22060000 -13562.4
22070000 -13587.3
22080000 -13581.9
22090000 -13580.2
22100000 -13597
22110000 -13591.2
22120000 -13583.6
22130000 -13580.8
22140000 -13588
22150000 -13598.6
22160000 -13599.6
22170000 -13578.3
22180000 -13587.4
22190000 -13600.8
22200000 -13611
22210000 -13582.5
22220000 -13587
22230000 -13595.3
22240000 -13563.1
22250000 -13589.5
22260000 -13598.5
22270000 -13605.2
22280000 -13609.7
22290000 -13585.2
22300000 -13603.6
22310000 -13623.6
22320000 -13621.4
22330000 -13596.1
22340000 -13600.6
22350000 -13587
22360000 -13596.6
22370000 -13594.7
22380000 -13582.2
22390000 -13600.4
22400000 -13596.3
22410000 -13594.1
22420000 -13601.9
22430000 -13567.3
22440000 -13582.7
22450000 -13603.8
22460000 -13572.2
22470000 -13616.2
22480000 -13601.6
22490000 -13605.6
22500000 -13589.7
22510000 -13587
22520000 -13619.6
22530000 -13609.7
22540000 -13600.6
22550000 -13585.2
22560000 -13599.4
22570000 -13584.8
22580000 -13576.3
22590000 -13586.7
22600000 -13576.4
22610000 -13597.5
22620000 -13597.7
22630000 -13591.8
22640000 -13584.2
22650000 -13586.9
22660000 -13594.7
22670000 -13580.6
22680000 -13591
22690000 -13592.9
22700000 -13587.4
22710000 -13607.2
22720000 -13575.8
22730000 -13611.8
22740000 -13594.7
22750000 -13596.8
22760000 -13590.5
22770000 -13600.2
22780000 -13592
22790000 -13587.8
22800000 -13593.8
22810000 -13568.8
22820000 -13573.3
22830000 -13585.5
22840000 -13607.1
22850000 -13600.8
22860000 -13579.8
22870000 -13585.2
22880000 -13593.9
22890000 -13607.1
22900000 -13615.8
22910000 -13578.3
22920000 -13586.6
22930000 -13590
22940000 -13591.6
22950000 -13585.4
22960000 -13574.5
22970000 -13587.2
22980000 -13582.4
22990000 -13588.2
23000000 -13603.4
23010000 -13611
23020000 -13587.7
23030000 -13605.3
23040000 -13592
23050000 -13601.1
23060000 -13592.1
23070000 -13567.8
23080000 -13569.9
23090000 -13589.3
23100000 -13604.5
23110000 -13609.5
23120000 -13607.4
23130000 -13607.8
23140000 -13587.6
23150000 -13587.1
23160000 -13597.7
23170000 -13602.9
23180000 -13591.8
23190000 -13614
23200000 -13602.8
23210000 -13577.3
23220000 -13617.9
23230000 -13603.2
23240000 -13593.9
23250000 -13584.1
23260000 -13600.9
23270000 -13584.4
23280000 -13604.9
23290000 -13598.4
23300000 -13576.6
23310000 -13585
23320000 -13603.8
23330000 -13598.7
23340000 -13592
23350000 -13585.6
23360000 -13631
23370000 -13609.9
23380000 -13600.6
23390000 -13599.8
23400000 -13588.6
23410000 -13596.4
23420000 -13597.4
23430000 -13583.1
23440000 -13574.4
23450000 -13607
23460000 -13567.2
23470000 -13585.2
23480000 -13612.3
23490000 -13598.2
23500000 -13591.9
23510000 -13584.8
23520000 -13604
23530000 -13610.3
23540000 -13608.4
23550000 -13594.9
23560000 -13591.8
23570000 -13576.4
23580000 -13588.5
23590000 -13587.9
23600000 -13589
23610000 -13601.5
23620000 -13603.1
23630000 -13599.1
23640000 -13593.2
23650000 -13571.7
23660000 -13611.5
23670000 -13584.1
23680000 -13613.3
23690000 -13589.6
23700000 -13598.5
23710000 -13586.4
23720000 -13586.9
23730000 -13581
23740000 -13574.2
23750000 -13601.2
23760000 -13587.7
23770000 -13597.3
23780000 -13589.8
23790000 -13570
23800000 -13581
23810000 -13589.1
23820000 -13598.9
23830000 -13628.3
23840000 -13595.8
23850000 -13577.4
23860000 -13590.3
23870000 -13603.8
23880000 -13606.8
23890000 -13602.8
23900000 -13600.4
23910000 -13623.3
23920000 -13592.6
23930000 -13576
23940000 -13600.3
23950000 -13598.3
23960000 -13587.9
23970000 -13594.9
23980000 -13597.4
23990000 -13600.7
24000000 -13584.3
24010000 -13591.7
24020000 -13612.7
24030000 -13605.2
24040000 -13591.9
24050000 -13593.1
24060000 -13596.4
24070000 -13579.3
24080000 -13575.8
24090000 -13573.6
24100000 -13601.2
24110000 -13594.4
24120000 -13577.9
24130000 -13604.6
24140000 -13599.2
24150000 -13612.9
24160000 -13585.8
24170000 -13619.4
24180000 -13587.8
24190000 -13579.5
24200000 -13599.4
24210000 -13589.4
24220000 -13595.1
24230000 -13606.8
24240000 -13604.2
24250000 -13585.2
24260000 -13581.5
24270000 -13580.3
24280000 -13577.4
24290000 -13576.8
24300000 -13582.3
24310000 -13588.6
24320000 -13603.3
24330000 -13573.2
24340000 -13590.3
24350000 -13613.3
24360000 -13603.2
24370000 -13585.1
24380000 -13592.8
24390000 -13599.4
24400000 -13604.2
24410000 -13585.8
24420000 -13598.1
24430000 -13584.9
24440000 -13582.7
24450000 -13576.4
24460000 -13577.1
24470000 -13613.5
24480000 -13594.2
24490000 -13603.4
24500000 -13588.6
24510000 -13593.3
24520000 -13611
24530000 -13588.5
24540000 -13592.5
24550000 -13590.1
24560000 -13587.8
24570000 -13577.4
24580000 -13601.2
24590000 -13617.6
24600000 -13612.4
24610000 -13573.5
24620000 -13591.5
24630000 -13587.3
24640000 -13579.7
24650000 -13576.1
24660000 -13595.1
24670000 -13605.1
24680000 -13580
24690000 -13595.9
24700000 -13588.1
24710000 -13589.5
24720000 -13590.9
24730000 -13580.5
24740000 -13607.2
24750000 -13603.7
24760000 -13576.8
24770000 -13558.1
24780000 -13575.2
24790000 -13583
24800000 -13583.2
24810000 -13598.3
24820000 -13574.5
24830000 -13598.1
24840000 -13588.7
24850000 -13592.3
24860000 -13577.7
24870000 -13609.2
24880000 -13588.3
24890000 -13577.7
24900000 -13587.8
24910000 -13596.7
24920000 -13599.9
24930000 -13598.2
24940000 -13625.8
24950000 -13592.5
24960000 -13594
24970000 -13595.2
24980000 -13625.6
24990000 -13595.4
25000000 -13581.9
25010000 -13593.1
25020000 -13577.2
25030000 -13581.6
25040000 -13622.2
25050000 -13573.2
25060000 -13588.1
25070000 -13590.8
25080000 -13597.8
25090000 -13584
25100000 -13609.4
25110000 -13591.8
25120000 -13612
25130000 -13587.5
25140000 -13595.9
25150000 -13619.7
25160000 -13585.7
25170000 -13612
25180000 -13579.9
25190000 -13598.9
25200000 -13579.8
25210000 -13599.5
25220000 -13593.8
25230000 -13579.5
25240000 -13566.9
25250000 -13571.7
25260000 -13597.6
25270000 -13612.7
25280000 -13618.2
25290000 -13595.6
25300000 -13604.9
25310000 -13596
25320000 -13586.2
25330000 -13557.2
25340000 -13576.7
25350000 -13590.6
25360000 -13591.5
25370000 -13593.3
25380000 -13598
25390000 -13582.8
25400000 -13579.9
25410000 -13583.2
25420000 -13573.7
25430000 -13583.4
25440000 -13596.9
25450000 -13622.4
25460000 -13600
25470000 -13587.5
25480000 -13584.6
25490000 -13599.3
25500000 -13580.9
25510000 -13599.9
25520000 -13598.9
25530000 -13588
25540000 -13609.6
25550000 -13614.4
25560000 -13594.4
25570000 -13595.8
25580000 -13604.7
25590000 -13568.6
25600000 -13583.7
25610000 -13586.4
25620000 -13590.5
25630000 -13594.6
25640000 -13591
25650000 -13619.3
25660000 -13588.7
25670000 -13581
25680000 -13572.7
25690000 -13584.9
25700000 -13602.4
25710000 -13586.8
25720000 -13579.9
25730000 -13585.7
25740000 -13573.6
25750000 -13600.3
25760000 -13586.2
25770000 -13606.1
25780000 -13572
25790000 -13586
25800000 -13592.8
25810000 -13591.1
25820000 -13594.2
25830000 -13596.2
25840000 -13578.6
25850000 -13586.7
25860000 -13613.6
25870000 -13594.6
25880000 -13577.8
25890000 -13590.7
25900000 -13600.4
25910000 -13585.1
25920000 -13591.9
25930000 -13599.5
25940000 -13594.3
25950000 -13605.1
25960000 -13579.6
25970000 -13590.6
25980000 -13581.4
25990000 -13598.7
26000000 -13582.6
26010000 -13582
26020000 -13590.9
26030000 -13595.5
26040000 -13613.5
26050000 -13587.5
26060000 -13628.6
26070000 -13612
26080000 -13604.2
26090000 -13605.2
26100000 -13576
26110000 -13592.3
26120000 -13600.9
26130000 -13597.3
26140000 -13604.2
26150000 -13588.3
26160000 -13580.4
26170000 -13605.5
26180000 -13600.4
26190000 -13605.3
26200000 -13605.5
26210000 -13577.4
26220000 -13601.7
26230000 -13584
26240000 -13597
26250000 -13592.2
26260000 -13595.1
26270000 -13587.1
26280000 -13598.4
26290000 -13605.3
26300000 -13593.6
26310000 -13595.6
26320000 -13598.2
26330000 -13607.9
26340000 -13598.5
26350000 -13595.7
26360000 -13570.1
26370000 -13595.3
26380000 -13589
26390000 -13589
26400000 -13601
26410000 -13590.7
26420000 -13600.9
26430000 -13583.6
26440000 -13594.1
26450000 -13600.5
26460000 -13601.7
26470000 -13578.4
26480000 -13603.7
26490000 -13616.6
26500000 -13591.7
26510000 -13576
26520000 -13582.4
26530000 -13601.9
26540000 -13583.9
26550000 -13604.9
26560000 -13596.9
26570000 -13573.9
26580000 -13591.4
26590000 -13587.3
26600000 -13566.3
26610000 -13593.5
26620000 -13590.2
26630000 -13595.9
26640000 -13590.3
26650000 -13581.5
26660000 -13577.5
26670000 -13578.6
26680000 -13596.5
26690000 -13595.1
26700000 -13584.5
26710000 -13607.1
26720000 -13565.8
26730000 -13594.7
26740000 -13584.4
26750000 -13597.4
26760000 -13597.2
26770000 -13586.6
26780000 -13601.2
26790000 -13591.6
26800000 -13587.3
26810000 -13589.4
26820000 -13601.2
26830000 -13604.7
26840000 -13623.7
26850000 -13614.2
26860000 -13618.5
26870000 -13581
26880000 -13592.7
26890000 -13569.9
26900000 -13607.2
26910000 -13596.8
26920000 -13578.1
26930000 -13601.1
26940000 -13605.7
26950000 -13586.6
26960000 -13598.1
26970000 -13561.8
26980000 -13585.7
26990000 -13598.8
27000000 -13597.7
27010000 -13617.1
27020000 -13617.4
27030000 -13604.6
27040000 -13617.5
27050000 -13595.2
27060000 -13586.5
27070000 -13596.9
27080000 -13590.8
27090000 -13590.6
27100000 -13587.6
27110000 -13578.5
27120000 -13602.8
27130000 -13600.4
27140000 -13603.4
27150000 -13603.7
27160000 -13628.1
27170000 -13607.6
27180000 -13590.5
27190000 -13591
27200000 -13581.1
27210000 -13604.6
27220000 -13586.2
27230000 -13588.7
27240000 -13588.2
27250000 -13607
27260000 -13580.7
27270000 -13605.4
27280000 -13594
27290000 -13588.4
27300000 -13585.6
27310000 -13600.7
27320000 -13597.6
27330000 -13575.7
27340000 -13616
27350000 -13589.6
27360000 -13615.7
27370000 -13623.2
27380000 -13582.2
27390000 -13573.6
27400000 -13598.4
27410000 -13602.1
27420000 -13603.1
27430000 -13592
27440000 -13602.3
27450000 -13602
27460000 -13585.7
27470000 -13591.2
27480000 -13594.6
27490000 -13605.3
27500000 -13620.3
27510000 -13585.7
27520000 -13587
27530000 -13576.1
27540000 -13591.6
27550000 -13564.7
27560000 -13581.3
27570000 -13618.7
27580000 -13579.1
27590000 -13613
27600000 -13598.7
27610000 -13588.8
27620000 -13569.9
27630000 -13618.9
27640000 -13588.4
27650000 -13585.5
27660000 -13608.2
27670000 -13610.6
27680000 -13621.9
27690000 -13610.7
27700000 -13589.8
27710000 -13587.6
27720000 -13595.6
27730000 -13598.1
27740000 -13603.5
27750000 -13590.5
27760000 -13597.3
27770000 -13575.4
27780000 -13581.5
27790000 -13600.5
27800000 -13581.8
27810000 -13589.1
27820000 -13590.2
27830000 -13606.8
27840000 -13574
27850000 -13604.3
27860000 -13588
27870000 -13583.8
27880000 -13577.6
27890000 -13599.4
27900000 -13582.9
27910000 -13575.6
27920000 -13582
27930000 -13598.9
27940000 -13568.4
27950000 -13566.1
27960000 -13600.8
27970000 -13603.6
27980000 -13603.3
27990000 -13580.3
28000000 -13598.6
28010000 -13596.8
28020000 -13585.5
28030000 -13624.1
28040000 -13590.7
28050000 -13594
28060000 -13591.7
28070000 -13591.2
28080000 -13587.9
28090000 -13597.8
28100000 -13589.7
28110000 -13588.1
28120000 -13590
28130000 -13586.7
28140000 -13597
28150000 -13589.9
28160000 -13596
28170000 -13576.1
28180000 -13581.1
28190000 -13590.6
28200000 -13587.7
28210000 -13598.6
28220000 -13626
28230000 -13589
28240000 -13572.1
28250000 -13574.8
28260000 -13593.3
28270000 -13617.4
28280000 -13609.8
28290000 -13589.7
28300000 -13604
28310000 -13581.5
28320000 -13587.3
28330000 -13582.7
28340000 -13582.1
28350000 -13572.1
28360000 -13582.9
28370000 -13583.9
28380000 -13582.1
28390000 -13610.6
28400000 -13615.6
28410000 -13582.6
28420000 -13595.2
28430000 -13591.6
28440000 -13588
28450000 -13611.5
28460000 -13590.1
28470000 -13590.7
28480000 -13599.4
28490000 -13589.3
28500000 -13593.7
28510000 -13590.8
28520000 -13603.1
28530000 -13588.6
28540000 -13590.5
28550000 -13609.1
28560000 -13617.6
28570000 -13606.8
28580000 -13593
28590000 -13602.5
28600000 -13583.9
28610000 -13601.8
28620000 -13614.8
28630000 -13585.8
28640000 -13593.7
28650000 -13609.2
28660000 -13594.7
28670000 -13589.5
28680000 -13591.9
28690000 -13594
28700000 -13575
28710000 -13579.3
28720000 -13588.6
28730000 -13586.7
28740000 -13599.8
28750000 -13570.5
28760000 -13600
28770000 -13585.3
28780000 -13588.1
28790000 -13580.2
28800000 -13599.9
28810000 -13594.6
28820000 -13589.1
28830000 -13589.4
28840000 -13589.3
28850000 -13570.1
28860000 -13633.6
28870000 -13576.3
28880000 -13603.4
28890000 -13609
28900000 -13611.9
28910000 -13603.1
28920000 -13577.3
28930000 -13599.4
28940000 -13619.3
28950000 -13586.2
28960000 -13561.4
28970000 -13616
28980000 -13588.2
28990000 -13591.6
29000000 -13589.6
29010000 -13596.6
29020000 -13603.2
29030000 -13596.4
29040000 -13569.6
29050000 -13584.7
29060000 -13605.5
29070000 -13606.6
29080000 -13573.3
29090000 -13582.3
29100000 -13601.4
29110000 -13619.6
29120000 -13589.8
29130000 -13591.1
29140000 -13607.2
29150000 -13593.7
29160000 -13592.4
29170000 -13589.2
29180000 -13570.9
29190000 -13604.1
29200000 -13583.2
29210000 -13592.7
29220000 -13569.4
29230000 -13559.4
29240000 -13587.2
29250000 -13611
29260000 -13597
29270000 -13602.8
29280000 -13583.5
29290000 -13583.5
29300000 -13567.4
29310000 -13583.4
29320000 -13591.6
29330000 -13631.1
29340000 -13613.6
29350000 -13580.9
29360000 -13596.3
29370000 -13567.9
29380000 -13587.6
29390000 -13592.1
29400000 -13597.6
29410000 -13598.8
29420000 -13602.1
29430000 -13600.5
29440000 -13581.7
29450000 -13622.9
29460000 -13591.1
29470000 -13587.2
29480000 -13583.7
29490000 -13599.3
29500000 -13607.3
29510000 -13602.7
29520000 -13580.6
29530000 -13571.7
29540000 -13588.5
29550000 -13599.2
29560000 -13587.5
29570000 -13635.3
29580000 -13608.7
29590000 -13611.6
29600000 -13591.9
29610000 -13571.3
29620000 -13586.7
29630000 -13605.6
29640000 -13584.8
29650000 -13582.9
29660000 -13582.2
29670000 -13599
29680000 -13587.4
29690000 -13581.2
29700000 -13578.6
29710000 -13599.5
29720000 -13574.3
29730000 -13602.2
29740000 -13592.9
29750000 -13593.1
29760000 -13580.8
29770000 -13587.4
29780000 -13594.1
29790000 -13610.9
29800000 -13620
29810000 -13594.4
29820000 -13623.7
29830000 -13581.7
29840000 -13606.6
29850000 -13573
29860000 -13592.3
29870000 -13592.5
29880000 -13591.2
29890000 -13590.7
29900000 -13586.5
29910000 -13594.7
29920000 -13605.7
29930000 -13603.3
29940000 -13593.2
29950000 -13566.3
29960000 -13591.5
29970000 -13590.7
29980000 -13585
29990000 -13572
30000000 -13609.3
30010000 -13617.2
30020000 -13597.5
30030000 -13609.7
30040000 -13584
30050000 -13586.6
30060000 -13616.4
30070000 -13592.4
30080000 -13584.4
30090000 -13604.1
30100000 -13597
30110000 -13588.9
30120000 -13574.3
30130000 -13589.5
30140000 -13579.9
30150000 -13617
30160000 -13584.1
30170000 -13563.4
30180000 -13593.3
30190000 -13605.9
30200000 -13591.7
30210000 -13599.1
30220000 -13602.8
30230000 -13584.4
30240000 -13604.4
30250000 -13592.3
30260000 -13606.9
30270000 -13579.4
30280000 -13604.4
30290000 -13591.3
30300000 -13593.6
30310000 -13586.6
30320000 -13569.9
30330000 -13585.2
30340000 -13596.8
30350000 -13588.6
30360000 -13571.9
30370000 -13587.8
30380000 -13580.1
30390000 -13582.9
30400000 -13585.2
30410000 -13593.3
30420000 -13581.6
30430000 -13590.2
30440000 -13598.4
30450000 -13589.6
30460000 -13589.9
30470000 -13589.1
30480000 -13592.3
30490000 -13578.2
30500000 -13591.7
30510000 -13565.4
30520000 -13587.1
30530000 -13604.7
30540000 -13599.9
30550000 -13590.8
30560000 -13553.9
30570000 -13590.8
30580000 -13592.6
30590000 -13598.7
30600000 -13606.4
30610000 -13577.7
30620000 -13587.2
30630000 -13587.4
30640000 -13594.9
30650000 -13583.7
30660000 -13582.8
30670000 -13596.1
30680000 -13590.8
30690000 -13610.4
30700000 -13592
30710000 -13594.8
30720000 -13598.9
30730000 -13592.8
30740000 -13587
30750000 -13568
30760000 -13598.2
30770000 -13596.5
30780000 -13590.9
30790000 -13580.5
30800000 -13554.1
30810000 -13594.2
30820000 -13608.8
30830000 -13586.1
30840000 -13611.7
30850000 -13599.9
30860000 -13616.7
30870000 -13582
30880000 -13580.7
30890000 -13592.9
30900000 -13601.1
30910000 -13588.3
30920000 -13602.3
30930000 -13557.8
30940000 -13585.8
30950000 -13600.3
30960000 -13590.7
30970000 -13595.5
30980000 -13601.9
30990000 -13594
31000000 -13594.2
31010000 -13582.6
31020000 -13593.8
31030000 -13622.7
31040000 -13627.5
31050000 -13590.6
31060000 -13586.3
31070000 -13581.5
31080000 -13609.1
31090000 -13565.3
31100000 -13604.8
31110000 -13584.1
31120000 -13590.9
31130000 -13600.5
31140000 -13587.3
31150000 -13607.8
31160000 -13621.2
31170000 -13594.3
31180000 -13577.6
31190000 -13609.5
31200000 -13584
31210000 -13583.1
31220000 -13579.7
31230000 -13593.9
31240000 -13573.7
31250000 -13579.8
31260000 -13593.5
31270000 -13595.7
31280000 -13582.3
31290000 -13606.1
31300000 -13594
31310000 -13592.6
31320000 -13599.6
31330000 -13589.8
31340000 -13613.3
31350000 -13599.9
31360000 -13603.6
31370000 -13588.5
31380000 -13562.7
31390000 -13595.5
31400000 -13605.3
31410000 -13597.1
31420000 -13587.9
31430000 -13604.9
31440000 -13600.3
31450000 -13606
31460000 -13593.2
31470000 -13596.5
31480000 -13587.7
31490000 -13614.1
31500000 -13610.1
31510000 -13586.8
31520000 -13570.7
31530000 -13587.2
31540000 -13591.2
31550000 -13602.2
31560000 -13596.8
31570000 -13603.5
31580000 -13589
31590000 -13601.9
31600000 -13582.1
31610000 -13587.6
31620000 -13600.8
31630000 -13612.8
31640000 -13573.2
31650000 -13604.5
31660000 -13571.1
31670000 -13591.2
31680000 -13582.8
31690000 -13566.2
31700000 -13592.5
31710000 -13585.5
31720000 -13593.4
31730000 -13585.8
31740000 -13599
31750000 -13604.9
31760000 -13592.6
31770000 -13609.7
31780000 -13607.6
31790000 -13606.7
31800000 -13583.5
31810000 -13579.2
31820000 -13593.3
31830000 -13628.3
31840000 -13598.2
31850000 -13576.9
31860000 -13575.6
31870000 -13602.6
31880000 -13604.8
31890000 -13612.5
31900000 -13575.7
31910000 -13602.3
31920000 -13602.2
31930000 -13588.3
31940000 -13602.2
31950000 -13567.3
31960000 -13578.8
31970000 -13573.3
31980000 -13579.7
31990000 -13607.8
32000000 -13590.2
32010000 -13580.1
32020000 -13569.9
32030000 -13591.7
32040000 -13605.3
32050000 -13590
32060000 -13605
32070000 -13578.5
32080000 -13597.8
32090000 -13606.1
32100000 -13605.8
32110000 -13582
32120000 -13578.8
32130000 -13568
32140000 -13604.2
32150000 -13598.3
32160000 -13590.4
32170000 -13608.2
32180000 -13597
32190000 -13571.6
32200000 -13583.1
32210000 -13574.8
32220000 -13587.4
32230000 -13606.6
32240000 -13592.6
32250000 -13587.4
32260000 -13584.5
32270000 -13596.7
32280000 -13573.6
32290000 -13600.5
32300000 -13580.4
32310000 -13574.3
32320000 -13590.3
32330000 -13597.2
32340000 -13599.2
32350000 -13592.1
32360000 -13617.8
32370000 -13605.8
32380000 -13580.6
32390000 -13594.4
32400000 -13600.8
32410000 -13618.1
32420000 -13585.5
32430000 -13605.2
32440000 -13595.3
32450000 -13571.3
32460000 -13606.5
32470000 -13610.4
32480000 -13598.8
32490000 -13592.5
32500000 -13578.7
32510000 -13593.3
32520000 -13595.9
32530000 -13605.4
32540000 -13584.4
32550000 -13588.8
32560000 -13582.6
32570000 -13577.7
32580000 -13598
32590000 -13586.1
32600000 -13599.1
32610000 -13591.3
32620000 -13598
32630000 -13590.2
32640000 -13582.7
32650000 -13591.9
32660000 -13591
32670000 -13594.2
32680000 -13590.2
32690000 -13563.2
32700000 -13583.7
32710000 -13576.4
32720000 -13598
32730000 -13579.8
32740000 -13585
32750000 -13598.2
32760000 -13605
32770000 -13597.8
32780000 -13584.9
32790000 -13585
32800000 -13592.6
32810000 -13568.7
32820000 -13604.2
32830000 -13594.7
32840000 -13574.4
32850000 -13576.8
32860000 -13600
32870000 -13607.6
32880000 -13613.1
32890000 -13612.3
32900000 -13587.6
32910000 -13586.8
32920000 -13592
32930000 -13588.9
32940000 -13586.6
32950000 -13619.3
32960000 -13614.9
32970000 -13574.7
32980000 -13594.6
32990000 -13582.4
33000000 -13582.2
33010000 -13587.2
33020000 -13572.7
33030000 -13609.2
33040000 -13615.8
33050000 -13597
33060000 -13600.1
33070000 -13596.8
33080000 -13606.1
33090000 -13589.6
33100000 -13587.5
33110000 -13569.8
33120000 -13576.4
33130000 -13589.6
33140000 -13597.5
33150000 -13593.4
33160000 -13588.8
33170000 -13590.7
33180000 -13579.5
33190000 -13569.1
33200000 -13592.4
33210000 -13587.3
33220000 -13593.1
33230000 -13596.9
33240000 -13604.4
33250000 -13586.6
33260000 -13609.1
33270000 -13582.5
33280000 -13593.8
33290000 -13632.1
33300000 -13606.6
33310000 -13605.8
33320000 -13579.7
33330000 -13601.8
33340000 -13583.1
33350000 -13578.4
33360000 -13564.9
33370000 -13589.7
33380000 -13581.8
33390000 -13578.9
33400000 -13593
33410000 -13592.8
33420000 -13615.9
33430000 -13589.8
33440000 -13596.1
33450000 -13609.5
33460000 -13620.9
33470000 -13605
33480000 -13588.2
33490000 -13577.4
33500000 -13585.8
33510000 -13593.4
33520000 -13610.7
33530000 -13601
33540000 -13604.5
33550000 -13607.7
33560000 -13575.7
33570000 -13570.9
33580000 -13594.8
33590000 -13569.8
33600000 -13568.8
33610000 -13572.8
33620000 -13615.7
33630000 -13616.6
33640000 -13621.7
33650000 -13580.8
33660000 -13595.4
33670000 -13608.5
33680000 -13592.3
33690000 -13606
33700000 -13601.1
33710000 -13583.6
33720000 -13578.3
33730000 -13581.8
33740000 -13568.6
33750000 -13607
33760000 -13575.4
33770000 -13588.8
33780000 -13601.7
33790000 -13577.3
33800000 -13608.1
33810000 -13597.5
33820000 -13592.9
33830000 -13613.9
33840000 -13599.4
33850000 -13595.6
33860000 -13600.4
33870000 -13604.8
33880000 -13593.8
33890000 -13587.1
33900000 -13586.7
33910000 -13591.2
33920000 -13561.4
33930000 -13598.6
33940000 -13588.4
33950000 -13595.9
33960000 -13590.8
33970000 -13596.7
33980000 -13583.7
33990000 -13583.6
34000000 -13604.6
34010000 -13590
34020000 -13570
34030000 -13620
34040000 -13614.5
34050000 -13612.3
34060000 -13604.2
34070000 -13568.3
34080000 -13601.3
34090000 -13580.5
34100000 -13581.3
34110000 -13608.1
34120000 -13591.8
34130000 -13590.5
34140000 -13607.5
34150000 -13581.8
34160000 -13582.4
34170000 -13591.9
34180000 -13617.7
34190000 -13605.1
34200000 -13604.3
34210000 -13587.3
34220000 -13603.4
34230000 -13608.3
34240000 -13581.8
34250000 -13619.5
34260000 -13593.8
34270000 -13614.7
34280000 -13577
34290000 -13572.1
34300000 -13606.1
34310000 -13569.9
34320000 -13604
34330000 -13589.4
34340000 -13593.7
34350000 -13586
34360000 -13593.5
34370000 -13595.5
34380000 -13584.1
34390000 -13580
34400000 -13578.3
34410000 -13604.2
34420000 -13614.5
34430000 -13610.6
34440000 -13612.4
34450000 -13598.6
34460000 -13614.7
34470000 -13593.1
34480000 -13572.2
34490000 -13579.9
34500000 -13600.2
34510000 -13607.5
34520000 -13596.1
34530000 -13581
34540000 -13599.1
34550000 -13581.4
34560000 -13595.8
34570000 -13597.9
34580000 -13594.2
34590000 -13592.8
34600000 -13583
34610000 -13572.5
34620000 -13563.1
34630000 -13578
34640000 -13604.9
34650000 -13591.6
34660000 -13585.4
34670000 -13594.1
34680000 -13592.9
34690000 -13597.4
34700000 -13579.1
34710000 -13575.5
34720000 -13604.9
34730000 -13598.1
34740000 -13571.1
34750000 -13589.9
34760000 -13603.1
34770000 -13586.8
34780000 -13572
34790000 -13602.6
34800000 -13590.7
34810000 -13568.2
34820000 -13608.8
34830000 -13602.8
34840000 -13582.6
34850000 -13581.8
34860000 -13590.2
34870000 -13606
34880000 -13574.5
34890000 -13603.7
34900000 -13604.1
34910000 -13612.8
34920000 -13579.1
34930000 -13597.6
34940000 -13593.7
34950000 -13606
34960000 -13597.8
34970000 -13589.7
34980000 -13589.1
34990000 -13612.9
35000000 -13611.6
35010000 -13564.2
35020000 -13581.3
35030000 -13569.9
35040000 -13589
35050000 -13581.2
35060000 -13605
35070000 -13605.8
35080000 -13592.8
35090000 -13585.2
35100000 -13581.4
35110000 -13590
35120000 -13579.6
35130000 -13588.9
35140000 -13584.6
35150000 -13612.3
35160000 -13603
35170000 -13591.5
35180000 -13608.8
35190000 -13576.2
35200000 -13600.2
35210000 -13605.1
35220000 -13579.3
35230000 -13600.5
35240000 -13590.4
35250000 -13578.9
35260000 -13598
35270000 -13601.3
35280000 -13601.5
35290000 -13593.4
35300000 -13597
35310000 -13595.7
35320000 -13599.1
35330000 -13611.8
35340000 -13592.3
35350000 -13595.7
35360000 -13589.2
35370000 -13606.9
35380000 -13586.5
35390000 -13603
35400000 -13609.2
35410000 -13590.8
35420000 -13577.3
35430000 -13601.5
35440000 -13612.2
35450000 -13582.8
35460000 -13586
35470000 -13610.9
35480000 -13593.5
35490000 -13631.5
35500000 -13577.3
35510000 -13585
35520000 -13593.4
35530000 -13586.7
35540000 -13571.8
35550000 -13582.4
35560000 -13590.8
35570000 -13578.7
35580000 -13608.6
35590000 -13608.1
35600000 -13592.7
35610000 -13573.7
35620000 -13613.3
35630000 -13586.2
35640000 -13564.2
35650000 -13607
35660000 -13603.9
35670000 -13574.5
35680000 -13580.5
35690000 -13613.1
35700000 -13604
35710000 -13602.3
35720000 -13583.8
35730000 -13567.2
35740000 -13591.7
35750000 -13594.8
35760000 -13587.6
35770000 -13605.2
35780000 -13610
35790000 -13557.3
35800000 -13600.8
35810000 -13597.7
35820000 -13631.5
35830000 -13604.1
35840000 -13569.7
35850000 -13604.8
35860000 -13581.8
35870000 -13598.3
35880000 -13583.1
35890000 -13588
35900000 -13601.3
35910000 -13594.3
35920000 -13581
35930000 -13590.5
35940000 -13570.1
35950000 -13579.2
35960000 -13582.5
35970000 -13582.3
35980000 -13614.2
35990000 -13593
36000000 -13584.1
36010000 -13605.3
36020000 -13565.9
36030000 -13562.6
36040000 -13597.7
36050000 -13596.8
36060000 -13583.3
36070000 -13605.4
36080000 -13604.2
36090000 -13582.3
36100000 -13609.5
36110000 -13586.9
36120000 -13589.3
36130000 -13577
36140000 -13577.2
36150000 -13586.6
36160000 -13586.9
36170000 -13569.9
36180000 -13591.7
36190000 -13560.2
36200000 -13589
36210000 -13599.3
36220000 -13577.6
36230000 -13607.8
36240000 -13580.9
36250000 -13608.8
36260000 -13577.1
36270000 -13576.3
36280000 -13605
36290000 -13584.7
36300000 -13580.5
36310000 -13597.7
36320000 -13594.7
36330000 -13583.5
36340000 -13588.9
36350000 -13581.4
36360000 -13597.4
36370000 -13600.7
36380000 -13597.1
36390000 -13588.6
36400000 -13592.5
36410000 -13622.4
36420000 -13594.5
36430000 -13605.8
36440000 -13600.5
36450000 -13574.1
36460000 -13591.9
36470000 -13600.3
36480000 -13582.8
36490000 -13583.5
36500000 -13610.6
36510000 -13589.6
36520000 -13579.7
36530000 -13592.6
36540000 -13596.2
36550000 -13603.3
36560000 -13598
36570000 -13593.5
36580000 -13606.6
36590000 -13579.4
36600000 -13579.3
36610000 -13603.6
36620000 -13592
36630000 -13604.8
36640000 -13603.7
36650000 -13600.7
36660000 -13614
36670000 -13572.9
36680000 -13598.7
36690000 -13590.3
36700000 -13605.6
36710000 -13609.9
36720000 -13592.9
36730000 -13580
36740000 -13587.5
36750000 -13595
36760000 -13580.1
36770000 -13615.2
36780000 -13591.1
36790000 -13576.1
36800000 -13600.1
36810000 -13595.5
36820000 -13579.5
36830000 -13591.8
36840000 -13599.5
36850000 -13581.5
36860000 -13628.3
36870000 -13605.7
36880000 -13578.7
36890000 -13562.9
36900000 -13572.5
36910000 -13612.6
36920000 -13607.2
36930000 -13589.9
36940000 -13599.4
36950000 -13591.6
36960000 -13599.4
36970000 -13588.1
36980000 -13583.9
36990000 -13592.2
37000000 -13598.1
37010000 -13607.9
37020000 -13565.6
37030000 -13602.1
37040000 -13601.3
37050000 -13577.9
37060000 -13607.3
37070000 -13571.7
37080000 -13606.2
37090000 -13583.8
37100000 -13591.4
37110000 -13583.6
37120000 -13595.6
37130000 -13590.5
37140000 -13600.3
37150000 -13580.9
37160000 -13590.4
37170000 -13612
37180000 -13611
37190000 -13589.5
37200000 -13589
37210000 -13589.5
37220000 -13610.4
37230000 -13581.2
37240000 -13589.4
37250000 -13596
37260000 -13594.2
37270000 -13585.5
37280000 -13584.1
37290000 -13577.1
37300000 -13590.6
37310000 -13573.4
37320000 -13585.9
37330000 -13601.4
37340000 -13588.4
37350000 -13603.1
37360000 -13606.4
37370000 -13590.5
37380000 -13623.6
37390000 -13604.5
37400000 -13618.4
37410000 -13598.2
37420000 -13611.5
37430000 -13607.5
37440000 -13586.4
37450000 -13571.6
37460000 -13574.8
37470000 -13566.9
37480000 -13591.2
37490000 -13578
37500000 -13615.2
37510000 -13586.1
37520000 -13591.6
37530000 -13575.5
37540000 -13592.3
37550000 -13588
37560000 -13601.6
37570000 -13596.1
37580000 -13616.9
37590000 -13613.1
37600000 -13593.4
37610000 -13576.9
37620000 -13592.5
37630000 -13575.9
37640000 -13583.9
37650000 -13595
37660000 -13593.8
37670000 -13578.3
37680000 -13590.6
37690000 -13604.5
37700000 -13591.9
37710000 -13588.1
37720000 -13590.2
37730000 -13595.3
37740000 -13575.7
37750000 -13580.9
37760000 -13575
37770000 -13615.7
37780000 -13589
37790000 -13605.9
37800000 -13580.9
37810000 -13599.5
37820000 -13587.6
37830000 -13582.4
37840000 -13580.2
37850000 -13585.8
37860000 -13613.2
37870000 -13564.5
37880000 -13617.5
37890000 -13583
37900000 -13596.5
37910000 -13585.6
37920000 -13592.9
37930000 -13585
37940000 -13581.9
37950000 -13594.5
37960000 -13581.6
37970000 -13603
37980000 -13577.2
37990000 -13578.5
38000000 -13595.7
38010000 -13594
38020000 -13589.4
38030000 -13595.2
38040000 -13584
38050000 -13614.1
38060000 -13596.4
38070000 -13571.3
38080000 -13616.6
38090000 -13568.9
38100000 -13596.4
38110000 -13601.1
38120000 -13594.8
38130000 -13587.2
38140000 -13597.4
38150000 -13577.7
38160000 -13602.4
38170000 -13608
38180000 -13589.3
38190000 -13578.3
38200000 -13581.1
38210000 -13612.3
38220000 -13584.1
38230000 -13597.4
38240000 -13591.7
38250000 -13575
38260000 -13596.9
38270000 -13595.7
38280000 -13589.5
38290000 -13585
38300000 -13590.9
38310000 -13586.3
38320000 -13600.2
38330000 -13576.7
38340000 -13595.9
38350000 -13600.3
38360000 -13566.3
38370000 -13593.9
38380000 -13598.2
38390000 -13623.3
38400000 -13579.8
38410000 -13596.7
38420000 -13592.8
38430000 -13581.3
38440000 -13575.6
38450000 -13581.7
38460000 -13576.1
38470000 -13569.7
38480000 -13598.1
38490000 -13583.5
38500000 -13592.7
38510000 -13583.1
38520000 -13605.2
38530000 -13585.9
38540000 -13591.2
38550000 -13611.9
38560000 -13596.1
38570000 -13582
38580000 -13569.2
38590000 -13589
38600000 -13584.3
38610000 -13568.5
38620000 -13600.3
38630000 -13614.3
38640000 -13594
38650000 -13590.3
38660000 -13595.6
38670000 -13575
38680000 -13586.4
38690000 -13579
38700000 -13583.2
38710000 -13596.9
38720000 -13597.3
38730000 -13571.2
38740000 -13593.9
38750000 -13600.7
38760000 -13583.1
38770000 -13607.3
38780000 -13611.9
38790000 -13592.5
38800000 -13602.6
38810000 -13581.2
38820000 -13597.9
38830000 -13595
38840000 -13602.6
38850000 -13572.8
38860000 -13594.4
38870000 -13600.1
38880000 -13608.4
38890000 -13588.7
38900000 -13584.1
38910000 -13597.1
38920000 -13585.6
38930000 -13585.9
38940000 -13582.1
38950000 -13613.4
38960000 -13578.8
38970000 -13585.2
38980000 -13580.2
38990000 -13593.2
39000000 -13594.1
39010000 -13589
39020000 -13576.6
39030000 -13622.1
39040000 -13580.7
39050000 -13583.6
39060000 -13619.3
39070000 -13593.7
39080000 -13577.8
39090000 -13562.1
39100000 -13588.6
39110000 -13578
39120000 -13616.4
39130000 -13595.7
39140000 -13585.9
39150000 -13593.6
39160000 -13602.6
39170000 -13579.3
39180000 -13574.9
39190000 -13584.4
39200000 -13603.8
39210000 -13592.4
39220000 -13573.4
39230000 -13599.9
39240000 -13587.1
39250000 -13575
39260000 -13592.8
39270000 -13584.7
39280000 -13618
39290000 -13600.6
39300000 -13584.7
39310000 -13581.9
39320000 -13581.1
39330000 -13585.8
39340000 -13586.4
39350000 -13579.6
39360000 -13617
39370000 -13591.8
39380000 -13584.3
39390000 -13617.3
39400000 -13603.6
39410000 -13602.9
39420000 -13595.4
39430000 -13595.2
39440000 -13589.3
39450000 -13591
39460000 -13585.9
39470000 -13595.2
39480000 -13590.1
39490000 -13589
39500000 -13575.2
39510000 -13592.8
39520000 -13578.9
39530000 -13591.6
39540000 -13565.6
39550000 -13600.1
39560000 -13578.2
39570000 -13592.1
39580000 -13571.4
39590000 -13607.3
39600000 -13611.6
39610000 -13606.2
39620000 -13569.5
39630000 -13610.5
39640000 -13600.1
39650000 -13583.5
39660000 -13605.5
39670000 -13579.8
39680000 -13568.3
39690000 -13601.3
39700000 -13638.4
39710000 -13570.1
39720000 -13619.1
39730000 -13577.3
39740000 -13593.5
39750000 -13596.2
39760000 -13585.1
39770000 -13602.6
39780000 -13584
39790000 -13603.1
39800000 -13598.9
39810000 -13591.7
39820000 -13608.9
39830000 -13591.5
39840000 -13597.2
39850000 -13584.5
39860000 -13616.1
39870000 -13575.8
39880000 -13609.2
39890000 -13614.9
39900000 -13592.8
39910000 -13573
39920000 -13585.6
39930000 -13585.9
39940000 -13588.9
39950000 -13609.2
39960000 -13561
39970000 -13590.1
39980000 -13602.7
39990000 -13592.2
40000000 -13583.6
40010000 -13585.7
40020000 -13573.8
40030000 -13590.8
40040000 -13588.7
40050000 -13594
40060000 -13611.6
40070000 -13591.5
40080000 -13595.9
40090000 -13600.5
40100000 -13597.5
40110000 -13591.9
40120000 -13598.8
40130000 -13594.2
40140000 -13575.9
40150000 -13599.7
40160000 -13597.6
40170000 -13600.3
40180000 -13589.9
40190000 -13601.9
40200000 -13571.2
40210000 -13607.3
40220000 -13592.6
40230000 -13595.4
40240000 -13591.6
40250000 -13576
40260000 -13591.7
40270000 -13620.3
40280000 -13601.9
40290000 -13581.9
40300000 -13579.7
40310000 -13605.3
40320000 -13599.5
40330000 -13595
40340000 -13600
40350000 -13579.4
40360000 -13586
40370000 -13593.6
40380000 -13591.7
40390000 -13605.1
40400000 -13595
40410000 -13599.8
40420000 -13587.3
40430000 -13577.1
40440000 -13576.1
40450000 -13573.9
40460000 -13615.9
40470000 -13578.1
40480000 -13596.1
40490000 -13602
40500000 -13605.3
40510000 -13601.3
40520000 -13598.6
40530000 -13583.7
40540000 -13584.2
40550000 -13590.4
40560000 -13607.1
40570000 -13584.5
40580000 -13583.2
40590000 -13597
40600000 -13596.3
40610000 -13586
40620000 -13588.4
40630000 -13584.2
40640000 -13562.4
40650000 -13581.6
40660000 -13611.2
40670000 -13591.9
40680000 -13602.4
40690000 -13584.3
40700000 -13582.1
40710000 -13591.4
40720000 -13585.3
40730000 -13604.1
40740000 -13615.7
40750000 -13600.8
40760000 -13585.2
40770000 -13596.1
40780000 -13581.9
40790000 -13594.2
40800000 -13613.6
40810000 -13591.6
40820000 -13590.5
40830000 -13596.6
40840000 -13589.1
40850000 -13572.7
40860000 -13598
40870000 -13586.5
40880000 -13580.7
40890000 -13595.2
40900000 -13594.7
40910000 -13590.8
40920000 -13603
40930000 -13572.7
40940000 -13590.7
40950000 -13597.8
40960000 -13590.9
40970000 -13574.1
40980000 -13602.6
40990000 -13591.9
41000000 -13595.3
41010000 -13597.1
41020000 -13605.3
41030000 -13606.1
41040000 -13600
41050000 -13587.5
41060000 -13605.5
41070000 -13583.5
41080000 -13583.4
41090000 -13592.7
41100000 -13607.2
41110000 -13577.2
41120000 -13603.4
41130000 -13607.9
41140000 -13611.3
41150000 -13616.8
41160000 -13593.8
41170000 -13585.5
41180000 -13603.8
41190000 -13600.7
41200000 -13595.1
41210000 -13600.5
41220000 -13595.7
41230000 -13606.7
41240000 -13606.7
41250000 -13606.2
41260000 -13588
41270000 -13599.1
41280000 -13593.4
41290000 -13590.9
41300000 -13582.9
41310000 -13606.4
41320000 -13602.4
41330000 -13590
41340000 -13583.7
41350000 -13583
41360000 -13593.3
41370000 -13595.1
41380000 -13587.8
41390000 -13616.3
41400000 -13600.9
41410000 -13594.3
41420000 -13579.6
41430000 -13571.3
41440000 -13584.2
41450000 -13608.3
41460000 -13601.8
41470000 -13610.1
41480000 -13597.6
41490000 -13576.9
41500000 -13600.6
41510000 -13587.8
41520000 -13583.6
41530000 -13587.2
41540000 -13573
41550000 -13604.4
41560000 -13597.6
41570000 -13575.1
41580000 -13588.6
41590000 -13585.9
41600000 -13594.8
41610000 -13585.4
41620000 -13564.9
41630000 -13589.8
