# Time-averaged data for fix PressAve
# TimeStep c_P
10000 -7.71262
20000 10.1638
30000 13.7049
40000 13.1838
50000 13.0063
60000 93.0297
70000 -101.087
80000 -66.4412
90000 -17.6281
100000 -62.5527
110000 -83.847
120000 -29.1119
130000 28.7319
140000 -59.4245
150000 -28.2503
160000 -15.9887
170000 46.5353
180000 64.7334
190000 82.1793
200000 -22.365
210000 -21.8598
220000 -15.3052
230000 45.034
240000 -10.4013
250000 13.2998
260000 72.3674
270000 -15.8022
280000 16.5732
290000 40.4069
300000 55.9348
310000 -27.9251
320000 24.3026
330000 -48.3937
340000 -7.05945
350000 -29.755
360000 -16.365
370000 21.2251
380000 -25.3445
390000 -69.2722
400000 -99.9166
410000 29.4923
420000 50.4837
430000 13.063
440000 44.691
450000 5.9351
460000 25.3528
470000 64.6781
480000 36.5322
490000 -82.8537
500000 20.8497
510000 -60.4006
520000 12.4039
530000 -36.6904
540000 -9.00755
550000 -10.6416
560000 -18.2818
570000 -62.9053
580000 -25.6749
590000 -16.0109
600000 -43.233
610000 -36.1845
620000 -47.7214
630000 -97.7729
640000 -66.0203
650000 -19.6241
660000 -15.3438
670000 -49.4336
680000 14.4587
690000 36.1364
700000 -13.56
710000 -0.401748
720000 -67.8232
730000 56.1337
740000 91.2222
750000 38.2825
760000 -48.343
770000 -55.8136
780000 43.8453
790000 -6.15216
800000 43.7581
810000 6.3592
820000 1.52228
830000 20.1423
840000 -35.0961
850000 -22.8321
860000 35.2125
870000 34.0568
880000 -43.7896
890000 34.7804
900000 68.6014
910000 -40.5073
920000 66.3352
930000 -32.8585
940000 -3.5797
950000 -17.306
960000 -0.203204
970000 48.9818
980000 79.0045
990000 -59.5989
1000000 9.92754
1010000 51.7993
1020000 1.46418
1030000 -113.262
1040000 -81.8034
1050000 50.8804
1060000 29.1993
1070000 23.8806
1080000 22.5512
1090000 73.3628
1100000 -64.8507
1110000 -3.6471
1120000 17.2346
1130000 2.63744
1140000 35.0434
1150000 -21.8109
1160000 124.274
1170000 -6.52748
1180000 -7.97136
1190000 -20.9999
1200000 13.83
1210000 -9.03626
1220000 4.45171
1230000 -36.837
1240000 -19.2767
1250000 -0.469159
1260000 -20.0855
1270000 -4.09567
1280000 -32.4219
1290000 66.4604
1300000 -32.5225
1310000 -28.7731
1320000 -67.4629
1330000 37.2876
1340000 69.9231
1350000 12.8713
1360000 -68.1958
1370000 -14.6448
1380000 8.24702
1390000 -68.2187
1400000 67.8837
1410000 -0.42524
1420000 89.814
1430000 27.3813
1440000 -120.044
1450000 83.4055
1460000 -11.6414
1470000 0.94724
1480000 38.8524
1490000 -23.9456
1500000 80.0139
1510000 -63.8695
1520000 -6.03257
1530000 -41.7896
1540000 -69.0245
1550000 45.2321
1560000 -51.5195
1570000 -2.82471
1580000 -22.9435
1590000 -20.3658
1600000 -70.672
1610000 66.6972
1620000 41.8859
1630000 35.3234
1640000 11.5607
1650000 -18.1115
1660000 61.8384
1670000 -17.8059
1680000 -44.0383
1690000 36.0923
1700000 -67.8448
1710000 -9.36856
1720000 29.2209
1730000 33.4435
1740000 111.862
1750000 -47.5829
1760000 -71.3769
1770000 15.9395
1780000 42.8871
1790000 -96.5049
1800000 -8.50306
1810000 151.615
1820000 -65.4612
1830000 30.5178
1840000 15.9946
1850000 22.1037
1860000 114.633
1870000 144.95
1880000 37.5462
1890000 -7.62123
1900000 -77.0043
1910000 -3.2948
1920000 -55.414
1930000 6.90268
1940000 30.9351
1950000 53.7648
1960000 -31.6441
1970000 26.6847
1980000 -48.9079
1990000 -19.3708
2000000 4.51525
2010000 -35.5599
2020000 -60.5781
2030000 -133.469
2040000 -44.1288
2050000 47.618
2060000 0.535753
2070000 6.9532
2080000 10.7429
2090000 12.0334
2100000 -98.5974
2110000 48.8146
2120000 46.6953
2130000 3.71249
2140000 -84.4792
2150000 -73.5883
2160000 128.835
2170000 26.8744
2180000 50.38
2190000 -44.1871
2200000 2.58824
2210000 -130.128
2220000 -30.969
2230000 -29.6765
2240000 -11.0711
2250000 34.6043
2260000 -55.7951
2270000 -32.3079
2280000 -39.9819
2290000 49.9991
2300000 1.89227
2310000 35.8685
2320000 -20.4823
2330000 -107.837
2340000 -4.62938
2350000 -78.429
2360000 36.2837
2370000 33.8332
2380000 11.5989
2390000 -16.0682
2400000 13.0688
2410000 30.188
2420000 -5.18502
2430000 -41.3021
2440000 3.29378
2450000 4.67447
2460000 47.8646
2470000 9.4747
2480000 18.8173
2490000 -75.1444
2500000 -31.2137
2510000 -51.6153
2520000 -41.5415
2530000 3.27324
2540000 58.6743
2550000 62.8548
2560000 18.539
2570000 8.69279
2580000 76.6419
2590000 188.815
2600000 13.6113
2610000 -61.51
2620000 -77.4351
2630000 16.8379
2640000 2.9968
2650000 28.4948
2660000 -6.25359
2670000 3.97873
2680000 -9.78637
2690000 1.76687
2700000 16.8379
2710000 17.6873
2720000 -138.197
2730000 -21.737
2740000 -48.7894
2750000 127.832
2760000 -20.3709
2770000 -17.074
2780000 5.25838
2790000 24.613
2800000 -71.4842
2810000 -47.3071
2820000 49.7658
2830000 39.9344
2840000 -63.1885
2850000 -7.82295
2860000 -42.7284
2870000 107.572
2880000 -13.7165
2890000 52.0011
2900000 37.5249
2910000 52.3014
2920000 -54.4413
2930000 33.1402
2940000 -46.4688
2950000 -82.8177
2960000 12.1778
2970000 33.7183
2980000 157.568
2990000 39.9504
3000000 51.9567
3010000 64.9765
3020000 58.3255
3030000 62.5066
3040000 17.3846
3050000 -5.65065
3060000 54.1508
3070000 -0.851504
3080000 79.3124
3090000 19.0915
3100000 -40.9126
3110000 0.546309
3120000 -20.1805
3130000 55.2698
3140000 36.3962
3150000 -0.204306
3160000 31.241
3170000 -52.8553
3180000 12.0088
3190000 14.9024
3200000 31.6774
3210000 1.68624
3220000 98.4326
3230000 59.5002
3240000 31.2055
3250000 -73.6458
3260000 51.412
3270000 -3.89825
3280000 62.6938
3290000 -41.7592
3300000 -27.7557
3310000 -45.4838
3320000 59.9567
3330000 -5.17352
3340000 -52.4778
3350000 -27.7307
3360000 101.274
3370000 73.4077
3380000 -9.67391
3390000 1.79074
3400000 32.1519
3410000 -0.053765
3420000 -51.0103
3430000 47.1543
3440000 18.8442
3450000 -118.311
3460000 27.7824
3470000 -24.2012
3480000 -133.696
3490000 -35.2534
3500000 -22.7791
3510000 8.46671
3520000 -59.2006
3530000 74.3881
3540000 -9.28045
3550000 30.7106
3560000 -59.7185
3570000 -9.74795
3580000 -1.75445
3590000 -35.5553
3600000 41.9315
3610000 61.3137
3620000 -37.2519
3630000 22.2022
3640000 -75.8
3650000 21.9276
3660000 5.28951
3670000 80.8637
3680000 -12.0966
3690000 28.238
3700000 -3.21443
3710000 47.8529
3720000 -31.3783
3730000 22.7445
3740000 40.3414
3750000 21.9066
3760000 90.8831
3770000 -11.11
3780000 -46.0924
3790000 70.642
3800000 -14.3251
3810000 78.948
3820000 16.2343
3830000 -37.5009
3840000 -40.5135
3850000 50.8143
3860000 6.98745
3870000 82.8338
3880000 57.6343
3890000 28.941
3900000 21.0582
3910000 -9.39417
3920000 -24.3916
3930000 -43.9596
3940000 27.2573
3950000 -72.5506
3960000 30.6387
3970000 -2.5704
3980000 7.4748
3990000 62.2896
4000000 51.5406
4010000 -85.3937
4020000 5.72502
4030000 5.87
4040000 -11.4264
4050000 -18.8962
4060000 81.8587
4070000 4.1952
4080000 41.6238
4090000 -69.9657
4100000 38.6042
4110000 89.1482
4120000 69.5852
4130000 -78.2765
4140000 2.65346
4150000 -72.3806
4160000 5.64064
4170000 -47.5109
4180000 124.3
4190000 29.4894
4200000 119.386
4210000 18.1769
4220000 -72.4973
4230000 11.688
4240000 -45.3408
4250000 47.1396
4260000 101.122
4270000 19.2631
4280000 84.2862
4290000 -19.7882
4300000 -26.7303
4310000 -58.7306
4320000 -90.1199
4330000 -40.1299
4340000 -11.7001
4350000 -104.198
4360000 29.4073
4370000 100.384
4380000 -1.12326
4390000 55.2341
4400000 -89.7532
4410000 49.7974
4420000 -9.65238
4430000 34.8098
4440000 -29.5305
4450000 100.433
4460000 -47.4597
4470000 -94.0529
4480000 138.858
4490000 -44.2594
4500000 63.0101
4510000 -17.2
4520000 -71.6241
4530000 -69.0167
4540000 -1.8778
4550000 -101.637
4560000 -30.4293
4570000 33.104
4580000 72.9483
4590000 21.4132
4600000 20.7792
4610000 28.271
4620000 62.5279
4630000 9.63054
4640000 -32.6937
4650000 -23.5233
4660000 -17.1473
4670000 -88.4035
4680000 -8.06509
4690000 -69.0878
4700000 -46.4644
4710000 67.8918
4720000 -17.2538
4730000 -36.7888
4740000 -27.083
4750000 -32.3145
4760000 46.865
4770000 -71.0402
4780000 -68.8592
4790000 33.8487
4800000 58.3038
4810000 123.653
4820000 6.92882
4830000 -55.5554
4840000 31.2246
4850000 27.4966
4860000 29.3925
4870000 -34.4646
4880000 -8.73028
4890000 12.0523
4900000 31.7423
4910000 -10.2204
4920000 -10.1065
4930000 -109.34
4940000 -39.4471
4950000 49.4775
4960000 -35.1048
4970000 92.2736
4980000 107.897
4990000 -36.5306
5000000 34.4391
5010000 -30.9311
5020000 -53.4883
5030000 -9.20466
5040000 11.6715
5050000 12.1955
5060000 -27.6343
5070000 45.9682
5080000 58.5036
5090000 -36.1936
5100000 -45.6175
5110000 -87.4046
5120000 -18.6653
5130000 64.9656
5140000 -26.2277
5150000 33.6105
5160000 -79.508
5170000 46.7837
5180000 7.68058
5190000 -17.3392
5200000 64.4786
5210000 26.2222
5220000 85.7188
5230000 -24.6508
5240000 31.4991
5250000 -24.0863
5260000 13.3292
5270000 64.6864
5280000 53.9876
5290000 7.49034
5300000 -86.0501
5310000 42.906
5320000 40.1776
5330000 35.0137
5340000 7.62736
5350000 -107.581
5360000 13.8312
5370000 -8.82248
5380000 -13.3713
5390000 -53.741
5400000 -39.8429
5410000 -84.0111
5420000 16.7432
5430000 64.9066
5440000 39.2271
5450000 38.0295
5460000 7.27605
5470000 42.5604
5480000 43.0969
5490000 66.5177
5500000 14.9774
5510000 -95.0903
5520000 -41.9886
5530000 30.1757
5540000 0.544581
5550000 -50.3932
5560000 -79.6031
5570000 26.8044
5580000 -13.1755
5590000 6.36941
5600000 32.6391
5610000 -57.9618
5620000 -96.9021
5630000 12.7202
5640000 -77.4136
5650000 -13.4118
5660000 52.5701
5670000 -38.9103
5680000 -45.007
5690000 70.9041
5700000 31.117
5710000 29.2428
5720000 -26.3142
5730000 -10.4164
5740000 -26.1191
5750000 37.0757
5760000 81.7425
5770000 56.4713
5780000 -14.625
5790000 -94.5663
5800000 201.048
5810000 -66.9686
5820000 38.8574
5830000 -122.496
5840000 95.6304
5850000 107.757
5860000 27.5317
5870000 -70.6166
5880000 -2.5338
5890000 26.0408
5900000 -41.293
5910000 27.3271
5920000 -16.21
5930000 39.1053
5940000 -11.9725
5950000 34.8432
5960000 -16.303
5970000 27.6858
5980000 102.154
5990000 -52.8102
6000000 -58.4924
6010000 8.16315
6020000 18.4711
6030000 -37.4173
6040000 -12.559
6050000 -36.9832
6060000 -12.1461
6070000 53.7064
6080000 58.6853
6090000 -35.2566
6100000 37.4011
6110000 10.0438
6120000 -36.2329
6130000 54.4313
6140000 -74.3491
6150000 67.128
6160000 -1.1878
6170000 44.2625
6180000 -35.4295
6190000 -5.3556
6200000 99.0509
6210000 -110.959
6220000 -32.1704
6230000 29.2346
6240000 51.0452
6250000 60.4135
6260000 -9.72416
6270000 -27.4918
6280000 -38.4539
6290000 41.4221
6300000 -25.1392
6310000 10.2801
6320000 -33.606
6330000 61.9785
6340000 -3.56341
6350000 -78.1252
6360000 -59.8991
6370000 -66.0883
6380000 -35.3045
6390000 -43.4394
6400000 61.1773
6410000 -55.9108
6420000 -21.9894
6430000 -79.7572
6440000 -13.7621
6450000 -88.929
6460000 -48.8064
6470000 -66.328
6480000 34.9294
6490000 -13.3188
6500000 -1.04795
6510000 71.06
6520000 10.8151
6530000 33.1647
6540000 -44.5336
6550000 -37.8276
6560000 -81.2453
6570000 -18.2227
6580000 -87.2627
6590000 12.0097
6600000 -15.0967
6610000 0.75852
6620000 -46.9034
6630000 28.8602
6640000 -19.5382
6650000 -90.0254
6660000 -66.1413
6670000 -152.401
6680000 15.0172
6690000 -71.6764
6700000 17.0649
6710000 62.644
6720000 -21.629
6730000 53.124
6740000 63.6905
6750000 -90.6813
6760000 126.945
6770000 -53.4427
6780000 -85.1222
6790000 -37.8791
6800000 7.4503
6810000 40.4518
6820000 -42.915
6830000 82.5399
6840000 -88.4247
6850000 13.4568
6860000 -45.8735
6870000 68.649
6880000 61.1578
6890000 -39.4315
6900000 -16.3031
6910000 44.1486
6920000 23.2142
6930000 1.366
6940000 65.3689
6950000 -35.7128
6960000 -102.898
6970000 -78.8252
6980000 -34.8847
6990000 -9.99385
7000000 -26.0595
7010000 -25.5395
7020000 -83.9863
7030000 -25.5557
7040000 -106.023
7050000 40.341
7060000 -103.143
7070000 -29.8807
7080000 -45.7171
7090000 -3.96953
7100000 16.7106
7110000 -1.41151
7120000 43.1727
7130000 -130.481
7140000 -26.8757
7150000 66.3524
7160000 12.9275
7170000 -34.8024
7180000 75.6385
7190000 45.4595
7200000 -59.0619
7210000 -28.0379
7220000 0.363259
7230000 18.099
7240000 45.1847
7250000 37.1237
7260000 -58.4533
7270000 58.3093
7280000 47.8746
7290000 17.8725
7300000 19.2754
7310000 16.5166
7320000 -28.5032
7330000 11.531
7340000 111.265
7350000 -29.9642
7360000 -19.6995
7370000 24.6224
7380000 45.9137
7390000 -24.5305
7400000 26.6732
7410000 -70.9566
7420000 -14.244
7430000 -53.6787
7440000 27.6495
7450000 -36.974
7460000 -89.5961
7470000 -65.483
7480000 -98.4367
7490000 25.6413
7500000 18.0153
7510000 96.6845
7520000 29.82
7530000 111.4
7540000 -80.3206
7550000 -76.9709
7560000 45.1116
7570000 -11.5122
7580000 -45.6876
7590000 19.3474
7600000 -52.8363
7610000 -8.77367
7620000 2.07696
7630000 22.2129
7640000 -62.1617
7650000 24.8818
7660000 -37.0599
7670000 114.651
7680000 122.597
7690000 16.8843
7700000 -49.0156
7710000 -29.8911
7720000 76.2696
7730000 -18.7265
7740000 106.521
7750000 31.408
7760000 -32.5268
7770000 5.46481
7780000 79.2655
7790000 17.7639
7800000 -9.14749
7810000 -41.4253
7820000 -42.287
7830000 37.6065
7840000 23.1633
7850000 -11.1012
7860000 -24.0475
7870000 -64.2131
7880000 -79.7697
7890000 -52.988
7900000 -11.4924
7910000 0.754129
7920000 86.7341
7930000 -2.34681
7940000 -57.6762
7950000 37.7612
7960000 -1.58824
7970000 144.21
7980000 32.0118
7990000 -0.827792
8000000 6.56423
8010000 46.074
8020000 -19.5482
8030000 13.5735
8040000 -35.4095
8050000 11.0768
8060000 -63.7229
8070000 72.1184
8080000 -3.87844
8090000 40.9972
8100000 -61.2648
8110000 -33.831
8120000 -38.7702
8130000 -76.2271
8140000 -71.8665
8150000 56.2984
8160000 12.1018
8170000 -90.7577
8180000 8.07675
8190000 -98.6229
8200000 -126.045
8210000 -100.946
8220000 6.54251
8230000 -2.71967
8240000 15.9509
8250000 31.944
8260000 13.0028
8270000 -19.6734
8280000 6.35044
8290000 -88.1528
8300000 3.71365
8310000 -109.125
8320000 7.50298
8330000 -14.93
8340000 4.58725
8350000 -82.7029
8360000 -55.8277
8370000 -5.3655
8380000 78.8038
8390000 33.6052
8400000 -34.8252
8410000 -38.3623
8420000 -22.4501
8430000 -82.5283
8440000 18.1411
8450000 29.8144
8460000 -30.2677
8470000 -54.2418
8480000 -41.596
8490000 21.5058
8500000 34.1356
8510000 -36.3825
8520000 -42.4487
8530000 44.5143
8540000 79.7154
8550000 6.85935
8560000 -4.32189
8570000 -67.2018
8580000 49.7341
8590000 46.953
8600000 -7.9878
8610000 47.1848
8620000 -41.1439
8630000 33.6987
8640000 -35.7525
8650000 38.5346
8660000 78.4581
8670000 48.5157
8680000 29.7214
8690000 -53.9871
8700000 -15.1674
8710000 -27.0153
8720000 25.1998
8730000 -10.3484
8740000 -8.915
8750000 -7.67987
8760000 -40.6319
8770000 64.7179
8780000 46.3129
8790000 51.8462
8800000 15.0978
8810000 26.4679
8820000 5.93314
8830000 -39.6737
8840000 12.8616
8850000 51.3077
8860000 -26.0422
8870000 -11.7631
8880000 0.678783
8890000 23.8479
8900000 14.1299
8910000 110.967
8920000 -57.4659
8930000 -57.623
8940000 -28.4053
8950000 -61.5304
8960000 37.2533
8970000 27.6171
8980000 17.8008
8990000 73.7842
9000000 10.7844
9010000 56.8367
9020000 79.1998
9030000 -22.3798
9040000 15.103
9050000 -60.0333
9060000 13.9873
9070000 19.1887
9080000 -12.202
9090000 36.3106
9100000 -39.0481
9110000 1.82564
9120000 71.5261
9130000 59.3992
9140000 -39.9256
9150000 -66.4348
9160000 -33.2906
9170000 -113.534
9180000 -94.5066
9190000 -22.6743
9200000 -0.246741
9210000 4.70864
9220000 18.2387
9230000 86.9236
9240000 -18.1091
9250000 38.9945
9260000 84.5766
9270000 -11.2628
9280000 29.4355
9290000 -40.3368
9300000 -1.76063
9310000 86.2748
9320000 -73.5958
9330000 45.2856
9340000 39.9973
9350000 4.03163
9360000 -0.156231
9370000 -27.58
9380000 -64.4226
9390000 29.9502
9400000 69.6952
9410000 55.4312
9420000 116.608
9430000 -79.9209
9440000 -0.455425
9450000 -31.8331
9460000 -23.9517
9470000 49.5952
9480000 -55.6293
9490000 -31.544
9500000 22.3173
9510000 -0.92637
9520000 29.0502
9530000 -46.4284
9540000 -102.408
9550000 63.6795
9560000 -70.034
9570000 47.8368
9580000 -77.1786
9590000 2.22759
9600000 39.1713
9610000 -27.8267
9620000 85.1909
9630000 -45.7547
9640000 87.7157
9650000 -28.6956
9660000 -74.3786
9670000 14.4066
9680000 -77.2936
9690000 -8.415
9700000 32.1857
9710000 -98.6805
9720000 -37.4388
9730000 -52.9233
9740000 -4.87361
9750000 -75.3703
9760000 -31.0968
9770000 -69.3332
9780000 8.47774
9790000 64.4844
9800000 -1.18254
9810000 22.7567
9820000 3.73141
9830000 64.9349
9840000 -93.6114
9850000 -34.5385
9860000 -59.4817
9870000 -7.90271
9880000 -5.74707
9890000 0.0415478
9900000 -6.6493
9910000 -13.3229
9920000 -6.20972
9930000 -22.5207
9940000 36.8444
9950000 26.1817
9960000 -41.0939
9970000 -26.5401
9980000 71.8388
9990000 32.4958
10000000 -33.121
10010000 21.9322
10020000 7.36607
10030000 4.96796
10040000 -33.0537
10050000 21.1862
10060000 31.4848
10070000 -12.6858
10080000 -50.7444
10090000 -84.7748
10100000 -56.2832
10110000 -37.4847
10120000 16.7421
10130000 4.84567
10140000 -43.2127
10150000 25.7798
10160000 -53.7042
10170000 40.1467
10180000 33.2167
10190000 -88.3745
10200000 -35.5909
10210000 25.4911
10220000 -48.2287
10230000 -21.1238
10240000 58.562
10250000 47.7811
10260000 -17.6599
10270000 18.5896
10280000 -5.33265
10290000 78.464
10300000 -18.2848
10310000 -30.5756
10320000 -14.0261
10330000 -94.8908
10340000 -43.8079
10350000 23.977
10360000 112.959
10370000 -14.4703
10380000 79.3582
10390000 -45.677
10400000 107.282
10410000 -20.9843
10420000 -24.6653
10430000 14.4761
10440000 118.499
10450000 -6.61904
10460000 49.053
10470000 -41.0901
10480000 -87.8974
10490000 9.02268
10500000 48.207
10510000 -56.1483
10520000 52.878
10530000 70.1958
10540000 -73.7883
10550000 -38.8668
10560000 8.53614
10570000 44.477
10580000 29.9987
10590000 57.8886
10600000 6.70378
10610000 -69.1893
10620000 1.30235
10630000 60.942
10640000 11.8353
10650000 11.8791
10660000 7.29114
10670000 47.0304
10680000 96.6228
10690000 -20.1634
10700000 47.2672
10710000 -42.7578
10720000 -61.0679
10730000 52.602
10740000 32.0158
10750000 -29.3868
10760000 -1.12201
10770000 20.7527
10780000 -65.7878
10790000 -4.98619
10800000 -63.9073
10810000 -60.229
10820000 70.4107
10830000 -5.49884
10840000 31.8783
10850000 -83.1141
10860000 107.258
10870000 22.9771
10880000 -18.4761
10890000 10.1007
10900000 92.3891
10910000 -31.3321
10920000 58.3821
10930000 -46.0693
10940000 64.7381
10950000 36.2367
10960000 -19.9514
10970000 -16.5537
10980000 -37.6441
10990000 -48.6163
11000000 31.2185
11010000 67.6087
11020000 50.9818
11030000 103.7
11040000 -56.2232
11050000 -8.08605
11060000 19.1712
11070000 -45.1367
11080000 -7.41834
11090000 40.4862
11100000 -9.3745
11110000 -100.819
11120000 -1.43734
11130000 39.3942
11140000 77.6937
11150000 -26.3397
11160000 -54.2155
11170000 -17.139
11180000 -22.2979
11190000 -19.765
11200000 67.3934
11210000 34.1773
11220000 75.9107
11230000 71.4129
11240000 -31.6602
11250000 93.079
11260000 7.68519
11270000 -50.3878
11280000 90.281
11290000 -92.9112
11300000 -79.9238
11310000 -70.9103
11320000 -31.6134
11330000 37.7197
11340000 -11.7743
11350000 -60.0218
11360000 14.1525
11370000 -0.487216
11380000 -50.2787
11390000 2.11128
11400000 0.614821
11410000 150.07
11420000 40.1201
11430000 -1.91172
11440000 40.9675
11450000 45.5677
11460000 -76.5925
11470000 42.9087
11480000 -59.0139
11490000 14.9097
11500000 23.6269
11510000 -2.32301
11520000 16.6196
11530000 -12.0272
11540000 99.3952
11550000 47.9185
11560000 -57.1167
11570000 -62.0938
11580000 -61.8037
11590000 2.59043
11600000 -48.615
11610000 81.7506
11620000 8.57629
11630000 -25.9338
11640000 2.92159
11650000 34.1496
11660000 -31.2449
11670000 57.8644
11680000 -27.178
11690000 -32.9938
11700000 -4.96446
11710000 -43.0315
11720000 11.8431
11730000 51.1709
11740000 -83.494
11750000 -145.193
11760000 38.9568
11770000 -29.3506
11780000 -9.31316
11790000 -42.5806
11800000 16.9487
11810000 -33.7845
11820000 74.0358
11830000 -94.4957
11840000 -37.9307
11850000 -32.022
11860000 18.8721
11870000 47.049
11880000 -34.1206
11890000 -40.4895
11900000 25.9865
11910000 104.063
11920000 46.7176
11930000 3.01041
11940000 57.2193
11950000 26.7686
11960000 -95.5508
11970000 35.0873
11980000 -61.53
11990000 135.446
12000000 8.18333
12010000 -12.7004
12020000 -35.7371
12030000 18.1598
12040000 49.7823
12050000 -78.1261
12060000 31.8361
12070000 11.0692
12080000 2.59516
12090000 -9.99193
12100000 85.645
12110000 -1.49638
12120000 126.461
12130000 25.8374
12140000 49.8821
12150000 74.4724
12160000 -32.5579
12170000 -46.725
12180000 -26.2046
12190000 18.4386
12200000 14.7229
12210000 -16.8064
12220000 -16.6597
12230000 36.7856
12240000 48.0052
12250000 0.917349
12260000 62.3501
12270000 14.3491
12280000 24.9241
12290000 -28.3646
12300000 33.943
12310000 -38.42
12320000 120.254
12330000 100.058
12340000 41.194
12350000 24.2123
12360000 -18.9972
12370000 -48.7474
12380000 51.5721
12390000 17.2248
12400000 -53.8286
12410000 -100.813
12420000 4.10482
12430000 -79.142
12440000 28.0344
12450000 1.89492
12460000 -23.5566
12470000 -32.4711
12480000 -8.1267
12490000 -5.45419
12500000 -21.6674
12510000 -64.9171
12520000 -32.6155
12530000 11.767
12540000 -69.5685
12550000 -142.503
12560000 -34.9764
12570000 -82.4285
12580000 -24.8917
12590000 5.57511
12600000 -71.2803
12610000 -11.536
12620000 -48.2782
12630000 -39.6124
12640000 -11.9419
12650000 -3.40329
12660000 22.6869
12670000 -27.3685
12680000 35.7859
12690000 97.1452
12700000 -80.3276
12710000 53.2493
12720000 58.2362
12730000 -7.92638
12740000 -40.6464
12750000 62.1104
12760000 70.865
12770000 92.4733
12780000 41.9285
12790000 19.6274
12800000 136.814
12810000 -41.8034
12820000 23.0565
12830000 -44.936
12840000 61.6296
12850000 21.1767
12860000 -8.19754
12870000 1.28162
12880000 -37.5466
12890000 -72.5871
12900000 14.1153
12910000 83.9268
12920000 -19.2723
12930000 68.2851
12940000 -91.555
12950000 26.0091
12960000 -18.7503
12970000 -88.8067
12980000 49.2876
12990000 17.4834
13000000 -37.3766
13010000 -20.572
13020000 -74.6596
13030000 -40.3941
13040000 76.5665
13050000 -83.3514
13060000 -29.023
13070000 -22.906
13080000 -4.57698
13090000 33.2444
13100000 -12.3732
13110000 -38.4596
13120000 -89.0351
13130000 1.72694
13140000 9.06934
13150000 -47.5311
13160000 52.3389
13170000 -92.9556
13180000 -61.8857
13190000 15.521
13200000 -52.6136
13210000 -68.9242
13220000 12.2596
13230000 32.8602
13240000 6.08455
13250000 29.0412
13260000 -6.40621
13270000 -24.0216
13280000 -98.1531
13290000 -9.45069
13300000 38.1892
13310000 -45.3615
13320000 -45.2344
13330000 43.706
13340000 73.3266
13350000 6.62241
13360000 59.9363
13370000 75.5798
13380000 38.9727
13390000 44.916
13400000 -20.8726
13410000 -44.3276
13420000 58.9108
13430000 -20.9183
13440000 -73.6483
13450000 -3.72223
13460000 56.3521
13470000 -36.0831
13480000 11.8585
13490000 -9.80842
13500000 -34.8169
13510000 -43.1011
13520000 -105.497
13530000 -54.8566
13540000 33.2589
13550000 17.7932
13560000 45.0105
13570000 10.728
13580000 -29.292
13590000 -38.5678
13600000 -95.6512
13610000 -9.8614
13620000 87.9167
13630000 5.45534
13640000 7.15239
13650000 3.32171
13660000 60.0687
13670000 -57.2435
13680000 -88.1679
13690000 -5.80124
13700000 -89.222
13710000 28.7942
13720000 -38.5538
13730000 -47.9013
13740000 5.8975
13750000 3.83955
13760000 -5.87326
13770000 21.3956
13780000 118.831
13790000 -85.9322
13800000 -72.8956
13810000 -32.477
13820000 28.132
13830000 36.5611
13840000 77.1663
13850000 3.84087
13860000 4.48525
13870000 -36.6521
13880000 -14.1012
13890000 -94.8103
13900000 92.7459
13910000 29.8521
13920000 32.8842
13930000 66.2204
13940000 -55.3223
13950000 27.0065
13960000 63.1309
13970000 22.0957
13980000 -14.9051
13990000 -60.4076
14000000 -1.51961
14010000 -5.96249
14020000 -73.2067
14030000 -28.5856
14040000 6.49044
14050000 44.4988
14060000 -77.2172
14070000 20.5494
14080000 -65.8735
14090000 41.6796
14100000 -10.9598
14110000 -27.8555
14120000 -123.139
14130000 -67.6615
14140000 11.1563
14150000 -53.0531
14160000 -67.6363
14170000 -3.12522
14180000 -78.9792
14190000 -58.0396
14200000 -52.5672
14210000 -31.1987
14220000 -2.36143
14230000 45.2774
14240000 13.8123
14250000 -29.7986
14260000 -3.18967
14270000 15.6668
14280000 96.3787
14290000 -22.0275
14300000 -23.1197
14310000 90.9327
14320000 -6.8255
14330000 32.5724
14340000 7.53857
14350000 2.58301
14360000 -56.698
14370000 25.7715
14380000 -6.61802
14390000 -47.2955
14400000 -79.0782
14410000 22.9119
14420000 56.9219
14430000 -14.7572
14440000 26.2065
14450000 91.2097
14460000 -17.7407
14470000 44.587
14480000 27.0758
14490000 67.7381
14500000 -40.3703
14510000 -93.5077
14520000 -29.5425
14530000 -57.2131
14540000 -18.6142
14550000 -58.8693
14560000 -36.6252
14570000 35.5244
14580000 -46.7582
14590000 6.05835
14600000 4.2252
14610000 -48.2802
14620000 -32.4341
14630000 30.0241
14640000 -31.2508
14650000 -94.5872
14660000 -22.1587
14670000 1.62428
14680000 27.9636
14690000 6.21679
14700000 51.7161
14710000 11.5846
14720000 -46.2965
14730000 -17.5908
14740000 -47.4793
14750000 11.4348
14760000 -110.334
14770000 8.93191
14780000 13.6477
14790000 19.0665
14800000 -68.866
14810000 -87.0139
14820000 -6.47993
14830000 -92.972
14840000 61.9792
14850000 -9.38225
14860000 -20.9356
14870000 -70.9226
14880000 85.8971
14890000 -4.16479
14900000 13.7333
14910000 24.7123
14920000 11.2024
14930000 -52.208
14940000 109.775
14950000 17.3091
14960000 -65.5773
14970000 18.3562
14980000 -62.6241
14990000 -8.48098
15000000 8.98844
15010000 -6.8181
15020000 -50.2048
15030000 -22.2048
15040000 84.4234
15050000 -46.4682
15060000 -67.952
15070000 -92.02
15080000 4.41591
15090000 -3.65143
15100000 25.0575
15110000 82.2681
15120000 31.3819
15130000 62.5422
15140000 80.2937
15150000 27.9454
15160000 11.9525
15170000 35.5705
15180000 -51.83
15190000 -81.896
15200000 -22.6114
15210000 34.1787
15220000 -55.164
15230000 39.7468
15240000 -106.834
15250000 55.8874
15260000 15.938
15270000 -6.86348
15280000 -59.6983
15290000 -41.1234
15300000 65.9011
15310000 12.7023
15320000 -48.7059
15330000 -110.561
15340000 -58.5573
15350000 22.8306
15360000 -31.6945
15370000 100.488
15380000 -47.2398
15390000 -9.85029
15400000 30.2909
15410000 -51.7089
15420000 -23.179
15430000 -37.6322
15440000 -13.7444
15450000 16.2066
15460000 99.9
15470000 -38.3772
15480000 -19.495
15490000 -50.6715
15500000 -48.3665
15510000 43.4537
15520000 -16.8294
15530000 54.7532
15540000 -53.012
15550000 62.395
15560000 -1.40643
15570000 21.1701
15580000 64.1566
15590000 34.1611
15600000 -9.82846
15610000 -45.4121
15620000 20.1338
15630000 7.75903
15640000 19.2986
15650000 -69.5044
15660000 -55.1856
15670000 33.4656
15680000 -52.1912
15690000 19.3981
15700000 86.3408
15710000 -4.24736
15720000 21.7386
15730000 39.226
15740000 -18.3554
15750000 79.0724
15760000 -29.0061
15770000 -120.344
15780000 -5.65629
15790000 -14.8641
15800000 -39.128
15810000 55.1089
15820000 54.6504
15830000 7.91922
15840000 22.4538
15850000 -36.8764
15860000 -71.3713
15870000 -79.2933
15880000 -54.7243
15890000 -132.975
15900000 45.1457
15910000 36.2113
15920000 -27.1748
15930000 -31.3422
15940000 -0.698769
15950000 145.091
15960000 -65.1868
15970000 -9.82805
15980000 19.2045
15990000 -72.6093
16000000 23.4634
16010000 -8.4874
16020000 -7.13008
16030000 -23.2797
16040000 -8.91218
16050000 27.3078
16060000 -0.481922
16070000 52.5523
16080000 31.6928
16090000 -18.7539
16100000 35.2179
16110000 -111.325
16120000 -86.777
16130000 29.5638
16140000 -49.7115
16150000 73.9626
16160000 97.2562
16170000 -148.207
16180000 -1.27235
16190000 -81.2156
16200000 39.0854
16210000 26.917
16220000 31.4621
16230000 -43.0379
16240000 -29.6186
16250000 39.7403
16260000 -4.33909
16270000 -3.20971
16280000 49.1036
16290000 -7.75967
16300000 -29.0081
16310000 -24.249
16320000 -53.168
16330000 47.8951
16340000 39.1128
16350000 -69.9385
16360000 -73.931
16370000 -27.7351
16380000 56.8605
16390000 -17.1185
16400000 19.625
16410000 -3.20675
16420000 74.995
16430000 1.09964
16440000 -23.4804
16450000 13.3723
16460000 -7.10435
16470000 25.392
16480000 62.2064
16490000 -42.1004
16500000 -4.85415
16510000 -30.2333
16520000 107.387
16530000 5.83529
16540000 100.268
16550000 25.3446
16560000 -5.87572
16570000 -17.8737
16580000 -21.7975
16590000 18.2722
16600000 -47.1722
16610000 17.8597
16620000 10.5811
16630000 -45.5999
16640000 -36.5857
16650000 99.3609
16660000 19.5694
16670000 34.1483
16680000 -23.2542
16690000 59.7797
16700000 44.7732
16710000 29.0389
16720000 30.7185
16730000 17.424
16740000 49.7137
16750000 105.22
16760000 -50.4106
16770000 -17.5223
16780000 -69.7007
16790000 38.1721
16800000 18.8632
16810000 -65.4859
16820000 64.8675
16830000 -17.4025
16840000 -65.6804
16850000 -46.7161
16860000 -22.1442
16870000 52.6889
16880000 -29.6813
16890000 19.5112
16900000 69.9352
16910000 -20.27
16920000 22.537
16930000 -73.4833
16940000 -29.1144
16950000 69.8524
16960000 -28.933
16970000 -22.3824
16980000 57.3381
16990000 -22.1397
17000000 32.5573
17010000 41.664
17020000 -58.6702
17030000 0.962295
17040000 -9.71929
17050000 18.1091
17060000 10.592
17070000 2.71939
17080000 -47.6367
17090000 -63.4173
17100000 23.7311
17110000 -38.6942
17120000 17.0618
17130000 -38.1254
17140000 -21.6582
17150000 -22.4765
17160000 -1.98106
17170000 -122.379
17180000 6.26979
17190000 -44.5083
17200000 -8.17828
17210000 -8.31617
17220000 79.4101
17230000 -38.5417
17240000 -0.303459
17250000 5.09703
17260000 -8.15079
17270000 56.3731
17280000 -135.851
17290000 -28.4079
17300000 -125.638
17310000 -49.1084
17320000 50.803
17330000 5.98564
17340000 -14.171
17350000 -29.0327
17360000 38.2769
17370000 -26.4051
17380000 60.8432
17390000 12.615
17400000 39.6251
17410000 -79.1807
17420000 46.7601
17430000 -34.6645
17440000 -60.549
17450000 -12.7833
17460000 -56.0867
17470000 -61.1734
17480000 -15.9959
17490000 -30.0575
17500000 11.8953
17510000 74.8011
17520000 28.0785
17530000 57.4458
17540000 -122.02
17550000 -134.396
17560000 20.5895
17570000 -21.5588
17580000 -5.09284
17590000 15.5476
17600000 16.9669
17610000 35.3246
17620000 -44.2671
17630000 15.6182
17640000 -105.876
17650000 -8.06199
17660000 -32.8485
17670000 -6.08214
17680000 31.2969
17690000 -36.3443
17700000 -45.8686
17710000 92.1065
17720000 47.0956
17730000 17.9935
17740000 -53.3116
17750000 -49.2178
17760000 41.3686
17770000 -50.0245
17780000 55.8527
17790000 22.6813
17800000 30.9883
17810000 -37.7392
17820000 32.7787
17830000 5.4369
17840000 19.6141
17850000 48.9622
17860000 -81.3123
17870000 -25.0131
17880000 32.3039
17890000 86.2105
17900000 -51.2528
17910000 43.7841
17920000 17.4689
17930000 51.609
17940000 -54.752
17950000 -17.4566
17960000 69.3077
17970000 -60.8874
17980000 -10.5303
17990000 -93.1533
18000000 7.5582
18010000 87.7986
18020000 -65.0089
18030000 49.0595
18040000 -68.4356
18050000 -95.6188
18060000 -7.23132
18070000 38.6042
18080000 -52.3311
18090000 19.4057
18100000 25.5117
18110000 15.0934
18120000 -21.3118
18130000 49.7588
18140000 -25.523
18150000 -24.2499
18160000 4.40097
18170000 -25.0905
18180000 -54.988
18190000 1.76106
18200000 -75.1442
18210000 -68.9833
18220000 -51.7917
18230000 34.1132
18240000 -75.7623
18250000 -4.0954
18260000 23.5025
18270000 -27.3219
18280000 52.8381
18290000 38.1122
18300000 -49.7119
18310000 30.1048
18320000 71.2354
18330000 34.2068
18340000 -62.9937
18350000 -1.77527
18360000 -20.1447
18370000 -114.974
18380000 -40.7028
18390000 -6.075
18400000 53.8571
18410000 13.0318
18420000 -2.7071
18430000 -16.9436
18440000 109.808
18450000 -11.1801
18460000 58.4719
18470000 6.47124
18480000 96.2166
18490000 -73.6139
18500000 -30.5322
18510000 84.7488
18520000 -48.2775
18530000 -145.149
18540000 -19.9809
18550000 38.8974
18560000 60.6755
18570000 -21.8839
18580000 64.4858
18590000 2.80261
18600000 17.0042
18610000 60.3069
18620000 -66.3631
18630000 -6.62441
18640000 -39.21
18650000 -54.8653
18660000 63.7859
18670000 -108.262
18680000 17.8238
18690000 -7.45499
18700000 82.4148
18710000 20.2023
18720000 -1.52933
18730000 94.068
18740000 -13.8974
18750000 -72.3767
18760000 -69.5535
18770000 -83.8573
18780000 -37.3987
18790000 -42.2844
18800000 -79.6149
18810000 -30.7136
18820000 56.5995
18830000 -132.377
18840000 84.7289
18850000 83.776
18860000 -30.4593
18870000 43.0977
18880000 -12.7258
18890000 -22.743
18900000 -26.0479
18910000 -92.6888
18920000 -29.4833
18930000 -9.45948
18940000 -48.1908
18950000 28.2095
18960000 20.8162
18970000 41.4393
18980000 -28.633
18990000 -155.538
19000000 8.14699
19010000 16.4291
19020000 20.5471
19030000 73.5003
19040000 -49.6098
19050000 4.94089
19060000 68.4268
19070000 4.08514
19080000 31.4533
19090000 -30.0474
19100000 -53.8455
19110000 16.8473
19120000 -10.1634
19130000 10.5066
19140000 0.174491
19150000 -6.54922
19160000 -56.3829
19170000 44.437
19180000 -11.6152
19190000 59.2986
19200000 -80.2116
19210000 -73.5552
19220000 -14.9661
19230000 -65.7009
19240000 -48.4552
19250000 -35.5445
19260000 -71.5554
19270000 18.9653
19280000 5.09912
19290000 7.30402
19300000 113.179
19310000 33.6065
19320000 66.5271
19330000 103.299
19340000 -11.038
19350000 75.1979
19360000 4.35621
19370000 20.7018
19380000 -19.7455
19390000 -26.8749
19400000 7.29091
19410000 -97.997
19420000 3.08152
19430000 -13.6597
19440000 47.462
19450000 -44.5275
19460000 -33.0072
19470000 -11.8937
19480000 -69.5239
19490000 -68.9569
19500000 -40.6709
19510000 -16.0331
19520000 -60.8001
19530000 -72.9923
19540000 65.1768
19550000 -26.0389
19560000 -73.5489
19570000 44.7294
19580000 -41.1785
19590000 -6.18604
19600000 95.9651
19610000 -27.1997
19620000 92.5919
19630000 31.9935
19640000 28.7487
19650000 -52.9031
19660000 64.6663
19670000 95.193
19680000 -6.62182
19690000 26.4082
19700000 13.6955
19710000 -72.7204
19720000 20.6741
19730000 -25.6849
19740000 34.9973
19750000 9.36359
19760000 71.2104
19770000 -66.3215
19780000 104.751
19790000 24.0377
19800000 -48.7729
19810000 35.3137
19820000 -62.3166
19830000 25.7841
19840000 31.6277
19850000 -65.8348
19860000 -1.14023
19870000 -80.8709
19880000 -3.94179
19890000 -38.5521
19900000 9.60723
19910000 40.4994
19920000 -19.5502
19930000 -92.948
19940000 69.1945
19950000 11.5861
19960000 -92.7424
19970000 55.2738
19980000 30.6537
19990000 -38.1343
20000000 55.3166
20010000 24.5589
20020000 -91.3451
20030000 22.9617
20040000 -29.924
20050000 107.757
20060000 -24.4712
20070000 -53.4548
20080000 -5.90561
20090000 -133.664
20100000 66.5387
20110000 32.8293
20120000 68.9816
20130000 47.7288
20140000 27.7858
20150000 53.6746
20160000 -26.3576
20170000 111.826
20180000 -44.736
20190000 -22.7106
20200000 12.2461
20210000 -23.2896
20220000 -10.4232
20230000 -19.3572
20240000 -88.4214
20250000 19.8886
20260000 35.2949
20270000 43.0552
20280000 51.3434
20290000 69.7735
20300000 -13.3076
20310000 16.0733
20320000 -46.613
20330000 78.9659
20340000 -3.18081
20350000 -20.4798
20360000 -31.0595
20370000 61.6199
20380000 -38.8052
20390000 -39.2042
20400000 -62.421
20410000 -60.3754
20420000 0.67336
20430000 2.85691
20440000 -39.8189
20450000 -30.7909
20460000 45.1225
20470000 16.6672
20480000 -18.0513
20490000 6.1235
20500000 -4.95079
20510000 -77.7459
20520000 53.7485
20530000 95.7655
20540000 78.4341
20550000 23.8399
20560000 -75.7608
20570000 29.5657
20580000 22.328
20590000 -14.4644
20600000 -54.1008
20610000 -31.0158
20620000 -31.4652
20630000 15.4335
20640000 -136.46
20650000 -42.2535
20660000 32.1535
20670000 22.8867
20680000 -41.3063
20690000 -21.6434
20700000 14.9652
20710000 153.845
20720000 48.5379
20730000 46.5297
20740000 122.481
20750000 -48.9133
20760000 -23.6045
20770000 -56.0627
20780000 -49.3204
20790000 38.8487
20800000 -80.9846
20810000 63.8971
20820000 8.03759
20830000 -21.5466
20840000 12.949
20850000 -39.8654
20860000 -33.4424
20870000 25.9282
20880000 4.71212
20890000 -46.4167
20900000 -15.1219
20910000 54.5487
20920000 52.1756
20930000 57.2121
20940000 7.99377
20950000 -66.5378
20960000 11.3933
20970000 -16.6836
20980000 59.9469
20990000 -64.1678
21000000 -50.5558
21010000 1.28813
21020000 -27.1713
21030000 7.67758
21040000 58.3693
21050000 34.6451
21060000 -35.4464
21070000 -32.032
21080000 67.5052
21090000 16.5197
21100000 -3.92245
21110000 52.6141
21120000 -9.60867
21130000 -75.1421
21140000 -71.6592
21150000 -12.6396
21160000 -6.48397
21170000 -60.5397
21180000 20.1702
21190000 37.7289
21200000 14.0193
21210000 87.0067
21220000 82.5742
21230000 -17.8619
21240000 34.7167
21250000 -53.1786
21260000 -5.62935
21270000 -1.10773
21280000 27.7929
21290000 7.50571
21300000 -6.83443
21310000 -97.1963
21320000 -28.08
21330000 45.0134
21340000 22.4635
21350000 3.32081
21360000 24.6127
21370000 26.9289
21380000 -15.5992
21390000 30.7407
21400000 -11.3799
21410000 20.3263
21420000 -91.0221
21430000 4.89042
21440000 12.8614
21450000 8.94769
21460000 -8.44214
21470000 -94.7384
21480000 38.0501
21490000 58.829
21500000 -147.801
21510000 18.2001
21520000 -64.6133
21530000 93.825
21540000 81.2957
21550000 48.4058
21560000 -121.667
21570000 33.1605
21580000 -66.3892
21590000 56.6107
21600000 74.8103
21610000 81.6777
21620000 -42.5835
21630000 -4.93263
21640000 -37.5009
21650000 -28.8422
21660000 -31.2653
21670000 20.1503
21680000 32.0748
21690000 22.3812
21700000 14.3014
21710000 24.2477
21720000 -8.76794
21730000 -114.287
21740000 -72.5762
21750000 8.49435
21760000 -10.4492
21770000 65.9992
21780000 24.9091
21790000 -6.99962
21800000 -19.2138
21810000 -39.9808
21820000 -45.8141
21830000 -39.5945
21840000 18.1506
21850000 70.2901
21860000 15.5117
21870000 29.8385
21880000 28.0759
21890000 -43.8338
21900000 43.7707
21910000 39.6345
21920000 -57.0073
21930000 -6.70748
21940000 -21.9295
21950000 36.6541
21960000 -51.8182
21970000 72.0488
21980000 79.3579
21990000 8.21621
22000000 -49.0893
22010000 46.5509
22020000 78.3063
22030000 -10.4393
22040000 -30.2805
22050000 -17.305
22060000 -24.3395
22070000 -58.9248
22080000 -15.1942
22090000 -60.8296
22100000 114.411
22110000 -10.7181
22120000 -82.7649
22130000 2.12562
22140000 -17.7784
22150000 -50.3035
22160000 -73.7606
22170000 -40.6228
22180000 27.7702
22190000 28.2132
22200000 -63.6599
22210000 -59.5166
22220000 -63.7796
22230000 56.114
22240000 -80.9511
22250000 24.5889
22260000 28.1887
22270000 42.8932
22280000 8.3749
22290000 -32.5604
22300000 -35.2289
22310000 61.0776
22320000 -96.397
22330000 42.0676
22340000 29.0988
22350000 -15.5478
22360000 31.202
22370000 86.004
22380000 21.3389
22390000 17.6152
22400000 2.10675
22410000 3.88362
22420000 46.6529
22430000 -18.0654
22440000 -62.0702
22450000 -20.9516
22460000 -23.1385
22470000 1.98825
22480000 22.8809
22490000 65.2509
22500000 -25.5673
22510000 -47.2451
22520000 -41.7076
22530000 -37.3808
22540000 39.065
22550000 -7.86735
22560000 29.4804
22570000 -120.129
22580000 -44.9987
22590000 65.4622
22600000 -63.4289
22610000 -14.8464
22620000 -72.7679
22630000 -12.8326
22640000 4.00834
22650000 -15.6091
22660000 15.0844
22670000 -39.6928
22680000 6.06571
22690000 25.89
22700000 -21.4397
22710000 0.167437
22720000 41.2616
22730000 63.139
22740000 -67.3019
22750000 17.3704
22760000 -27.0056
22770000 34.7854
22780000 -93.9517
22790000 -15.5091
22800000 -9.87889
22810000 -29.2258
22820000 -57.7558
22830000 -84.1714
22840000 69.2609
22850000 115.154
22860000 7.25598
22870000 9.49122
22880000 8.78357
22890000 22.3575
22900000 110.597
22910000 93.5807
22920000 -2.20571
22930000 -16.7924
22940000 -41.7561
22950000 -54.7584
22960000 -36.1363
22970000 -156.333
22980000 -41.3917
22990000 -12.5453
23000000 76.9021
23010000 -22.3824
23020000 7.76304
23030000 24.5638
23040000 -56.8202
23050000 15.5231
23060000 -101.201
23070000 -43.768
23080000 -18.9079
23090000 47.7501
23100000 58.4835
23110000 -21.3409
23120000 -48.2828
23130000 13.8454
23140000 19.6227
23150000 -71.8031
23160000 3.24134
23170000 -0.542467
23180000 -4.52125
23190000 -41.1666
23200000 27.2529
23210000 -11.5991
23220000 -10.851
23230000 -4.68834
23240000 54.6637
23250000 2.35593
23260000 -16.5065
23270000 54.5993
23280000 -35.8193
23290000 29.4397
23300000 -90.8228
23310000 -76.5194
23320000 -94.0403
23330000 57.7224
23340000 32.592
23350000 -0.143405
23360000 64.0043
23370000 -22.4645
23380000 47.9589
23390000 1.58567
23400000 61.7215
23410000 7.16212
23420000 40.5082
23430000 -18.2511
23440000 3.57596
23450000 15.7456
23460000 -66.4622
23470000 -44.2452
23480000 -71.8012
23490000 63.2468
23500000 -8.11607
23510000 27.2407
23520000 35.923
23530000 107.22
23540000 -13.7644
23550000 29.1342
23560000 83.3156
23570000 -51.3955
23580000 -72.5967
23590000 -29.4736
23600000 -0.0664485
23610000 -87.9979
23620000 20.3343
23630000 61.5967
23640000 0.581008
23650000 -27.6809
23660000 -63.3883
23670000 -63.5597
23680000 19.698
23690000 -5.26493
23700000 9.25601
23710000 20.3381
23720000 17.2585
23730000 -76.0749
23740000 -100.842
23750000 -46.2038
23760000 -66.1857
23770000 -43.7909
23780000 -53.7334
23790000 22.8602
23800000 -104.32
23810000 -123.726
23820000 -64.4019
23830000 6.20052
23840000 97.062
23850000 -47.2584
23860000 22.9204
23870000 40.6301
23880000 57.1476
23890000 -0.677864
23900000 -52.2313
23910000 -4.42831
23920000 57.3112
23930000 -54.7403
23940000 6.9021
23950000 -43.0324
23960000 -75.4918
23970000 -14.4762
23980000 -24.4904
23990000 44.9761
24000000 -43.8579
24010000 60.5021
24020000 -16.101
24030000 -53.2892
24040000 71.1935
24050000 50.9997
24060000 -41.8501
24070000 -52.7746
24080000 42.9553
24090000 37.0701
24100000 -11.3448
24110000 -17.5998
24120000 -39.4506
24130000 3.29638
24140000 49.4144
24150000 -26.3721
24160000 2.05395
24170000 118.075
24180000 18.8578
24190000 -8.60491
24200000 -75.7254
24210000 -76.6299
24220000 -71.0834
24230000 0.349936
24240000 -21.6492
24250000 -5.84784
24260000 -2.5856
24270000 27.5718
24280000 -87.1191
24290000 -68.3422
24300000 74.7193
24310000 24.9585
24320000 -49.9161
24330000 -20.7893
24340000 -67.0763
24350000 -45.5121
24360000 52.4645
24370000 -50.3157
24380000 -104.389
24390000 67.3637
24400000 -78.6685
24410000 27.2564
24420000 82.1644
24430000 14.3544
24440000 -7.2205
24450000 21.6365
24460000 167.205
24470000 -32.0569
24480000 -70.0846
24490000 -23.8224
24500000 -27.2784
24510000 -44.3503
24520000 49.126
24530000 -10.8815
24540000 -19.4356
24550000 27.2875
24560000 -95.4198
24570000 -65.9654
24580000 40.8604
24590000 8.38912
24600000 43.4663
24610000 24.9798
24620000 114.851
24630000 -99.5072
24640000 56.417
24650000 -100.398
24660000 -44.3111
24670000 -31.7024
24680000 -26.5573
24690000 -50.7097
24700000 11.0575
24710000 -74.5268
24720000 -13.6926
24730000 55.5591
24740000 36.5125
24750000 -3.71598
24760000 -103.631
24770000 -84.3054
24780000 1.28081
24790000 66.8948
24800000 -26.7702
24810000 16.9772
24820000 8.38979
24830000 8.28604
24840000 18.423
24850000 -77.5268
24860000 -11.6724
24870000 14.9722
24880000 -7.68936
24890000 -65.8051
24900000 -8.07779
24910000 55.6042
24920000 -17.9381
24930000 54.2851
24940000 -6.28878
24950000 33.6312
24960000 -19.8811
24970000 59.8456
24980000 53.1729
24990000 40.9349
25000000 -10.8406
25010000 -20.5436
25020000 -31.0702
25030000 20.5483
25040000 37.066
25050000 -116.879
25060000 -52.5609
25070000 -24.5754
25080000 -76.4783
25090000 -33.541
25100000 119.244
25110000 38.2137
25120000 -41.5463
25130000 5.52874
25140000 -46.3236
25150000 -1.45683
25160000 7.17795
25170000 -21.5003
25180000 -76.9809
25190000 -44.6967
25200000 -40.4482
25210000 -7.54779
25220000 36.3781
25230000 65.6442
25240000 -75.0533
25250000 -44.12
25260000 -22.7657
25270000 58.4945
25280000 -52.5312
25290000 40.623
25300000 81.9488
25310000 65.0698
25320000 32.6869
25330000 -46.8831
25340000 -53.1296
25350000 -120.307
25360000 13.0855
25370000 -15.3164
25380000 121.249
25390000 -9.98497
25400000 -43.7836
25410000 -41.748
25420000 -45.4063
25430000 41.5269
25440000 126.32
25450000 -23.4176
25460000 -7.60405
25470000 57.2139
25480000 14.2448
25490000 76.0842
25500000 -9.65176
25510000 31.5308
25520000 33.7605
25530000 -55.1366
25540000 15.6403
25550000 21.2963
25560000 19.973
25570000 -35.6014
25580000 -3.16165
25590000 5.63103
25600000 35.4697
25610000 -32.9247
25620000 -8.59489
25630000 -18.2239
25640000 8.98404
25650000 92.5716
25660000 6.93821
25670000 -95.1078
25680000 -125.194
25690000 58.2468
25700000 -20.986
25710000 -97.9065
25720000 -95.3199
25730000 43.2343
25740000 -2.21482
25750000 51.6616
25760000 -12.1504
25770000 50.4551
25780000 32.1005
25790000 -30.2644
25800000 17.8774
25810000 -14.9941
25820000 -5.08049
25830000 30.8924
25840000 -2.55374
25850000 -6.79004
25860000 -24.391
25870000 77.9192
25880000 -41.3899
25890000 22.9975
25900000 90.9448
25910000 -24.6421
25920000 -5.76281
25930000 -75.2927
25940000 89.7693
25950000 62.5613
25960000 -30.7937
25970000 20.4008
25980000 -59.536
25990000 -21.3949
26000000 -97.3645
26010000 -13.6388
26020000 5.88365
26030000 -38.2912
26040000 -12.9585
26050000 53.7346
26060000 115.686
26070000 -33.9229
26080000 13.7433
26090000 -13.3073
26100000 -39.9711
26110000 5.31203
26120000 20.9902
26130000 28.5016
26140000 -69.147
26150000 14.0003
26160000 -3.57731
26170000 66.2092
26180000 -51.0994
26190000 71.4582
26200000 20.6648
26210000 15.2127
26220000 37.8624
26230000 -56.9649
26240000 63.8279
26250000 -2.02507
26260000 107.468
26270000 -4.60395
26280000 67.4323
26290000 22.6327
26300000 -97.3401
26310000 -1.82492
26320000 -9.57188
26330000 71.7504
26340000 -49.6168
26350000 67.478
26360000 -82.7172
26370000 23.5813
26380000 -23.9409
26390000 -66.6479
26400000 17.113
26410000 15.4262
26420000 25.4511
26430000 -1.60482
26440000 104.71
26450000 -64.5411
26460000 -34.0837
26470000 14.7917
26480000 113.611
26490000 21.9337
26500000 76.9978
26510000 40.6859
26520000 -8.69894
26530000 -24.8863
26540000 2.70005
26550000 83.1156
26560000 -37.1156
26570000 18.1813
26580000 83.5826
26590000 -46.2423
26600000 66.2527
26610000 9.7658
26620000 -39.5883
26630000 42.0256
26640000 10.9163
26650000 -29.7834
26660000 -86.2206
26670000 -98.8575
26680000 -23.5977
26690000 23.439
26700000 -16.3856
26710000 57.5511
26720000 -63.0488
26730000 19.362
26740000 -133.952
26750000 3.98185
26760000 14.5671
26770000 -21.3399
26780000 -72.1194
26790000 -45.7456
26800000 21.5051
26810000 -31.837
26820000 11.4711
26830000 0.885991
26840000 -13.1778
26850000 -17.5565
26860000 9.8875
26870000 -39.2835
26880000 -84.1374
26890000 -55.0977
26900000 92.2399
26910000 -16.5855
26920000 -8.20447
26930000 14.153
26940000 53.2569
26950000 -42.9462
26960000 -49.7677
26970000 -22.275
26980000 59.1373
26990000 167.119
27000000 7.7606
27010000 39.8529
27020000 69.254
27030000 -42.1467
27040000 84.5291
27050000 48.4563
27060000 -27.3114
27070000 97.1532
27080000 -10.5417
27090000 44.2418
27100000 9.4388
27110000 50.5676
27120000 -27.5661
27130000 21.9308
27140000 73.8976
27150000 36.8746
27160000 64.5982
27170000 14.4959
27180000 4.42593
27190000 -73.4216
27200000 -160.616
27210000 51.9405
27220000 10.9231
27230000 0.278953
27240000 -52.425
27250000 36.5985
27260000 -65.951
27270000 39.3285
27280000 22.0604
27290000 48.3778
27300000 -22.5261
27310000 -10.0773
27320000 -3.45347
27330000 -4.13341
27340000 -12.8896
27350000 -21.6269
27360000 8.06976
27370000 25.3764
27380000 -42.571
27390000 -68.0508
27400000 -4.27023
27410000 -7.84194
27420000 -68.556
27430000 62.9704
27440000 -63.5477
27450000 -20.6223
27460000 -30.6619
27470000 53.0444
27480000 -51.53
27490000 16.8466
27500000 101.21
27510000 3.15288
27520000 -52.9345
27530000 3.64278
27540000 -2.76046
27550000 54.0267
27560000 44.5828
27570000 9.76736
27580000 -73.9539
27590000 61.3666
27600000 49.8845
27610000 -83.7852
27620000 -5.04141
27630000 -29.5582
27640000 26.1381
27650000 -43.0941
27660000 6.97399
27670000 -16.4381
27680000 11.6665
27690000 47.8987
27700000 -26.5901
27710000 -54.46
27720000 -12.2669
27730000 27.527
27740000 84.7547
27750000 106.437
27760000 71.2056
27770000 -64.1184
27780000 -15.3943
27790000 -75.8385
27800000 52.0743
27810000 -91.4606
27820000 -30.009
27830000 81.3364
27840000 -144.202
27850000 84.4004
27860000 52.9599
27870000 -41.8553
27880000 -40.0023
27890000 -39.0913
27900000 -68.9224
27910000 41.1922
27920000 -53.7827
27930000 103.237
27940000 -165.389
27950000 -85.3965
27960000 52.8157
27970000 -57.9083
27980000 -19.3579
27990000 30.7413
28000000 22.7095
28010000 17.24
28020000 -113.387
28030000 115.685
28040000 -22.961
28050000 -44.9077
28060000 38.9168
28070000 -18.3275
28080000 -23.281
28090000 -10.8703
28100000 -29.296
28110000 47.0029
28120000 -4.70999
28130000 -0.494936
28140000 67.1327
28150000 13.4668
28160000 -24.4063
28170000 -38.7445
28180000 -53.4498
28190000 28.066
28200000 -32.8854
28210000 63.8596
28220000 82.2049
28230000 17.8417
28240000 -37.9027
28250000 -118.418
28260000 -30.6176
28270000 52.3594
28280000 29.1418
28290000 10.298
28300000 -16.6937
28310000 -20.6973
28320000 -26.8888
28330000 42.6642
28340000 -18.131
28350000 -25.7623
28360000 4.00618
28370000 -97.1744
28380000 81.9283
28390000 -54.2259
28400000 5.04251
28410000 57.6115
28420000 -69.9805
28430000 57.1575
28440000 29.1772
28450000 14.4453
28460000 15.6514
28470000 -60.6794
28480000 7.36167
28490000 1.11761
28500000 -5.0075
28510000 -12.0752
28520000 50.1899
28530000 -80.426
28540000 10.4076
28550000 123.398
28560000 75.6478
28570000 12.3059
28580000 49.4301
28590000 -49.9131
28600000 -99.069
28610000 10.3228
28620000 6.62752
28630000 -42.8982
28640000 -23.4337
28650000 24.0146
28660000 -22.0301
28670000 -82.0981
28680000 -26.0832
28690000 -110.206
28700000 -59.8735
28710000 -88.4321
28720000 -17.6441
28730000 19.1159
28740000 8.22816
28750000 -44.5466
28760000 -58.3409
28770000 -63.9339
28780000 19.639
28790000 -20.2261
28800000 72.6946
28810000 93.6373
28820000 -48.1234
28830000 -24.0911
28840000 12.7611
28850000 -119.706
28860000 84.052
28870000 82.8395
28880000 -55.2088
28890000 -18.3177
28900000 34.9154
28910000 21.2609
28920000 -67.5182
28930000 31.9312
28940000 32.9402
28950000 3.98139
28960000 30.1797
28970000 64.7627
28980000 -29.0453
28990000 56.008
29000000 -62.1039
29010000 -3.55584
29020000 96.2541
29030000 -28.824
29040000 -114.917
29050000 -2.80174
29060000 15.9427
29070000 -63.024
29080000 -81.3095
29090000 -61.9149
29100000 -38.4619
29110000 33.0305
29120000 48.1341
29130000 21.13
29140000 35.9369
29150000 -19.5012
29160000 27.8425
29170000 -48.9703
29180000 -1.89974
29190000 23.3234
29200000 -28.5851
29210000 51.972
29220000 -86.6225
29230000 3.9048
29240000 36.4885
29250000 14.4535
29260000 -15.6977
29270000 1.40946
29280000 -23.0463
29290000 16.0044
29300000 103.157
29310000 70.0618
29320000 21.5004
29330000 78.2383
29340000 48.8811
29350000 73.8309
29360000 21.7782
29370000 17.3374
29380000 33.1213
29390000 -34.595
29400000 -13.6378
29410000 -37.1833
29420000 62.3688
29430000 -25.5158
29440000 89.4589
29450000 88.2588
29460000 -16.6205
29470000 22.2129
29480000 -96.0359
29490000 69.1888
29500000 11.7393
29510000 53.0518
29520000 -13.6544
29530000 -61.5636
29540000 28.765
29550000 32.6588
29560000 26.9806
29570000 52.118
29580000 -20.976
29590000 28.247
29600000 -2.5587
29610000 4.41397
29620000 86.6264
29630000 17.1222
29640000 -76.7231
29650000 -9.14242
29660000 1.54354
29670000 53.0234
29680000 -118.626
29690000 65.6117
29700000 -27.9224
29710000 102.64
29720000 -4.52545
29730000 29.8375
29740000 -17.3257
29750000 -48.9435
29760000 -33.0898
29770000 -47.7972
29780000 75.2323
29790000 22.2343
29800000 -32.3073
29810000 -106.913
29820000 53.8577
29830000 53.148
29840000 -9.06949
29850000 8.24229
29860000 -62.6485
29870000 -62.945
29880000 32.9267
29890000 -82.0632
29900000 -8.80443
29910000 -67.2347
29920000 76.3632
29930000 -20.5611
29940000 -13.9255
29950000 -69.1258
29960000 34.3954
29970000 55.0275
29980000 95.6309
29990000 -68.0598
30000000 -53.4859
30010000 20.9804
30020000 117.452
30030000 -69.7517
30040000 19.1271
30050000 -76.8636
30060000 21.6835
30070000 46.916
30080000 -63.6246
30090000 22.731
30100000 79.1106
30110000 -33.8867
30120000 6.56238
30130000 2.62795
30140000 53.6733
30150000 -1.91051
30160000 39.241
30170000 -68.3174
30180000 -36.4465
30190000 49.7225
30200000 3.40865
30210000 -19.757
30220000 -77.0201
30230000 22.3411
30240000 31.4007
30250000 47.5251
30260000 -49.6444
30270000 -35.1502
30280000 41.4146
30290000 -32.1886
30300000 34.4797
30310000 -15.1946
30320000 -14.9005
30330000 -101.843
30340000 21.4629
30350000 -46.4922
30360000 -1.49454
30370000 -61.4449
30380000 -24.4896
30390000 -52.9464
30400000 -33.084
30410000 70.4413
30420000 -34.0714
30430000 26.6006
30440000 38.8411
30450000 39.1248
30460000 81.4602
30470000 12.6198
30480000 67.9102
30490000 -76.1495
30500000 21.921
30510000 -54.595
30520000 -42.0374
30530000 21.2373
30540000 21.1073
30550000 41.5811
30560000 -111.079
30570000 63.1825
30580000 79.7275
30590000 -114.04
30600000 -28.7186
30610000 68.1011
30620000 -7.01882
30630000 11.8376
30640000 40.3898
30650000 18.5151
30660000 -14.4644
30670000 -114.862
30680000 -54.8638
30690000 23.3058
30700000 48.1683
30710000 7.15702
30720000 -9.69686
30730000 33.2988
30740000 -42.8391
30750000 -25.4703
30760000 -12.5571
30770000 4.13003
30780000 -37.2762
30790000 -2.54949
30800000 -30.1887
30810000 24.127
30820000 2.61568
30830000 -129.802
30840000 -35.3287
30850000 -7.57843
30860000 11.1047
30870000 -84.589
30880000 26.0561
30890000 -17.3338
30900000 -3.49108
30910000 -8.07938
30920000 -46.8214
30930000 -21.3952
30940000 28.9188
30950000 53.2517
30960000 -12.9164
30970000 -18.3457
30980000 7.59743
30990000 -25.3283
31000000 -30.8601
31010000 -34.8508
31020000 -24.7925
31030000 36.0882
31040000 19.1573
31050000 -33.2785
31060000 7.39878
31070000 -90.1129
31080000 -20.3326
31090000 -11.587
31100000 -60.7455
31110000 48.8099
31120000 0.291997
31130000 -7.5507
31140000 -69.6038
31150000 20.0892
31160000 105.508
31170000 45.9141
31180000 -52.8998
31190000 10.0748
31200000 19.3594
31210000 -45.1034
31220000 7.32165
31230000 43.9246
31240000 32.5288
31250000 -25.4051
31260000 27.5802
31270000 -82.9217
31280000 4.54705
31290000 49.2149
31300000 -40.9814
31310000 -20.5878
31320000 -25.2991
31330000 -107.076
31340000 50.0991
31350000 -36.3347
31360000 5.37297
31370000 -13.8856
31380000 -56.483
31390000 14.2864
31400000 -6.3685
31410000 -96.1651
31420000 -6.43536
31430000 -69.0604
31440000 -82.0269
31450000 34.2588
31460000 -56.0889
31470000 27.1366
31480000 162.946
31490000 -41.7044
31500000 -35.401
31510000 43.0824
31520000 -22.4003
31530000 -40.7984
31540000 85.1112
31550000 122.954
31560000 45.6649
31570000 -80.4905
31580000 -1.08316
31590000 -35.1079
31600000 -25.549
31610000 -31.1361
31620000 -133.618
31630000 14.4177
31640000 -89.8337
31650000 -17.2803
31660000 -59.2907
31670000 -50.5679
31680000 1.9455
31690000 -56.5178
31700000 -23.3898
31710000 -31.0675
31720000 -9.36197
31730000 -108.755
31740000 -3.46906
31750000 66.267
31760000 10.0163
31770000 51.3307
31780000 -48.8774
31790000 46.0977
31800000 48.0753
31810000 20.0633
31820000 -73.3383
31830000 5.22001
31840000 -125.305
31850000 34.4421
31860000 21.6703
31870000 27.4932
31880000 15.3091
31890000 62.2317
31900000 -46.6896
31910000 -45.2421
31920000 40.645
31930000 1.97448
31940000 44.9028
31950000 -54.1365
31960000 -55.5058
31970000 -24.2361
31980000 -83.8758
31990000 -26.3715
32000000 30.9466
32010000 12.4114
32020000 -18.3134
32030000 44.1643
32040000 -65.3289
32050000 82.991
32060000 71.0241
32070000 69.1784
32080000 24.7975
32090000 -87.1771
32100000 24.4562
32110000 -79.3725
32120000 7.80986
32130000 34.7294
32140000 -61.1883
32150000 -21.3242
32160000 -2.41745
32170000 77.2986
32180000 41.866
32190000 -39.8462
32200000 -16.2193
32210000 -16.5665
32220000 3.78354
32230000 -51.6644
32240000 -19.4795
32250000 81.3704
32260000 15.8703
32270000 -2.84758
32280000 45.8763
32290000 33.7012
32300000 -54.7105
32310000 -14.3964
32320000 -104.202
32330000 -15.4799
32340000 10.5647
32350000 30.3828
32360000 0.86383
32370000 -45.8209
32380000 -10.574
32390000 -20.334
32400000 -21.035
32410000 -1.93099
32420000 43.0367
32430000 11.4536
32440000 0.419764
32450000 0.361566
32460000 52.5552
32470000 -84.4503
32480000 -20.783
32490000 -12.7167
32500000 -24.7675
32510000 6.52619
32520000 9.24564
32530000 125.609
32540000 -10.9727
32550000 32.0193
32560000 30.0872
32570000 -99.8366
32580000 33.8538
32590000 91.6089
32600000 150.904
32610000 -89.9677
32620000 -0.533826
32630000 -21.2488
32640000 -42.5383
32650000 -88.3223
32660000 -63.6008
32670000 18.2787
32680000 119.795
32690000 5.12356
32700000 21.0464
32710000 -39.9218
32720000 -2.81909
32730000 25.9756
32740000 89.6015
32750000 94.8427
32760000 42.5371
32770000 -13.8629
32780000 34.0065
32790000 62.0867
32800000 18.0595
32810000 64.8659
32820000 15.9604
32830000 -33.0301
32840000 -48.0236
32850000 -0.283674
32860000 -58.5384
32870000 51.8599
32880000 6.17845
32890000 26.2231
32900000 -43.4442
32910000 27.6841
32920000 -71.0546
32930000 5.57714
32940000 -36.3841
32950000 112.872
32960000 -73.5632
32970000 -23.5628
32980000 62.0016
32990000 -44.2971
33000000 -84.4323
33010000 11.8543
33020000 -23.6699
33030000 68.8749
33040000 74.3011
33050000 -91.4877
33060000 -24.8657
33070000 124.217
33080000 84.7028
33090000 -44.6485
33100000 -10.9668
33110000 51.0615
33120000 -31.6736
33130000 -4.81633
33140000 -19.9568
33150000 37.6905
33160000 -21.3258
33170000 -12.8445
33180000 -14.4618
33190000 -47.2757
33200000 -11.7845
33210000 -8.45176
33220000 48.865
33230000 31.9871
33240000 -68.1118
33250000 -3.23901
33260000 -46.276
33270000 -36.2924
33280000 4.94099
33290000 15.1942
33300000 20.4416
33310000 -2.42282
33320000 -151.008
33330000 -65.5397
33340000 -31.6208
33350000 -96.5286
33360000 -87.28
33370000 8.21716
33380000 48.7128
33390000 18.9743
33400000 70.1975
33410000 -15.7506
33420000 38.8714
33430000 0.0257239
33440000 2.51944
33450000 102.084
33460000 -5.23024
33470000 -34.6659
33480000 -18.4599
33490000 -26.0413
33500000 1.09613
33510000 -44.5635
33520000 77.0486
33530000 -17.6016
33540000 -48.663
33550000 -23.108
33560000 -5.32597
33570000 -17.2904
33580000 -42.121
33590000 16.3872
33600000 -103.112
33610000 8.63895
33620000 127.629
33630000 6.85677
33640000 -36.0278
33650000 -35.1712
33660000 9.51308
33670000 22.4652
33680000 -71.9712
33690000 137.758
33700000 -23.2916
33710000 -16.3142
33720000 18.0936
33730000 56.5476
33740000 -130.742
33750000 -34.8407
33760000 -29.4433
33770000 38.7337
33780000 23.834
33790000 -41.2489
33800000 -119.2
33810000 -14.177
33820000 -70.8365
33830000 37.4133
33840000 -40.2639
33850000 -12.8691
33860000 28.7724
33870000 18.3328
33880000 -77.9945
33890000 -35.6384
33900000 -22.5477
33910000 -43.9673
33920000 -54.6415
33930000 11.7165
33940000 15.3751
33950000 86.0298
33960000 -74.1982
33970000 8.32204
33980000 -18.6375
33990000 -58.3249
34000000 24.0455
34010000 -85.1337
34020000 -24.7847
34030000 -18.6907
34040000 -42.7304
34050000 52.3173
34060000 3.48901
34070000 -9.43779
34080000 -44.9668
34090000 -6.97795
34100000 -118.05
34110000 71.5454
34120000 32.786
34130000 -50.6257
34140000 16.7745
34150000 -98.564
34160000 82.0378
34170000 -33.1778
34180000 31.0547
34190000 -24.5476
34200000 118.048
34210000 60.3383
34220000 16.8383
34230000 51.8504
34240000 8.44626
34250000 -45.9971
34260000 -27.6016
34270000 38.7022
34280000 -4.00469
34290000 -2.59526
34300000 79.4868
34310000 -48.9816
34320000 -18.5957
34330000 0.239573
34340000 -7.0627
34350000 58.3145
34360000 1.81278
34370000 -9.09305
34380000 -84.3458
34390000 -7.68895
34400000 33.7168
34410000 -5.14539
34420000 73.1847
34430000 125.945
34440000 52.2782
34450000 -7.27756
34460000 14.9395
34470000 58.5955
34480000 -37.907
34490000 -18.1347
34500000 120.737
34510000 34.2391
34520000 -26.1708
34530000 -9.4244
34540000 111.03
34550000 -59.0249
34560000 -35.7988
34570000 77.6552
34580000 65.9308
34590000 -12.7388
34600000 24.3289
34610000 -20.0871
34620000 -72.0511
34630000 71.5891
34640000 16.7937
34650000 -59.6946
34660000 -34.5251
34670000 113.331
34680000 89.7358
34690000 20.0614
34700000 -22.7438
34710000 -24.1628
34720000 51.6381
34730000 86.062
34740000 -63.9662
34750000 -12.1886
34760000 56.0053
34770000 -12.0536
34780000 46.8808
34790000 72.5464
34800000 28.9061
34810000 -76.5298
34820000 -65.4614
34830000 28.8547
34840000 -4.92599
34850000 -61.8885
34860000 -2.81752
34870000 -12.8742
34880000 -67.0825
34890000 50.0717
34900000 99.6124
34910000 -29.7692
34920000 -10.6897
34930000 -75.8401
34940000 0.426937
34950000 26.826
34960000 29.3989
34970000 -7.80915
34980000 -13.3719
34990000 38.9524
35000000 -3.7358
35010000 -141.131
35020000 -103.273
35030000 -92.4995
35040000 -24.7661
35050000 21.1066
35060000 35.3035
35070000 92.5648
35080000 -52.0573
35090000 -12.3139
35100000 42.2096
35110000 -56.9268
35120000 -28.6694
35130000 65.1473
35140000 2.28516
35150000 -6.51046
35160000 16.5498
35170000 33.9852
35180000 47.4198
35190000 14.0052
35200000 21.8518
35210000 31.1021
35220000 30.3505
35230000 37.9363
35240000 -5.79326
35250000 18.3276
35260000 34.8794
35270000 -6.42937
35280000 37.3362
35290000 -11.6147
35300000 -84.4333
35310000 -11.5498
35320000 80.5754
35330000 -27.1938
35340000 38.0112
35350000 38.6471
35360000 -41.1717
35370000 75.3471
35380000 92.8546
35390000 33.0193
35400000 76.6673
35410000 22.4981
35420000 79.2847
35430000 60.9247
35440000 73.4937
35450000 6.36364
35460000 40.1056
35470000 8.57152
35480000 90.231
35490000 57.0762
35500000 -56.9263
35510000 35.9434
35520000 -4.33292
35530000 -53.1665
35540000 -57.5301
35550000 -29.5836
35560000 -33.7331
35570000 -67.6232
35580000 -14.2114
35590000 23.4422
35600000 53.3459
35610000 -18.9554
35620000 49.9701
35630000 54.8695
35640000 -49.9084
35650000 13.7017
35660000 -143.928
35670000 -66.7711
35680000 -35.6834
35690000 11.2104
35700000 59.5189
35710000 113.413
35720000 53.7876
35730000 -6.35179
35740000 35.6925
35750000 -35.0107
35760000 18.3842
35770000 134.973
35780000 -67.0616
35790000 -10.8839
35800000 -51.4011
35810000 -9.60877
35820000 -26.2176
35830000 37.9839
35840000 -26.1309
35850000 -80.3092
35860000 0.901997
35870000 46.0686
35880000 10.9755
35890000 -19.1515
35900000 78.9907
35910000 -3.93101
35920000 -67.8829
35930000 30.8787
35940000 3.47687
35950000 -31.3934
35960000 -44.5466
35970000 39.0814
35980000 -27.9886
35990000 -7.74457
36000000 -77.7003
36010000 35.6633
36020000 -60.3462
36030000 30.7289
36040000 99.5143
36050000 30.8972
36060000 30.0903
36070000 9.43314
36080000 -21.4595
36090000 87.6133
36100000 -29.8361
36110000 -18.0299
36120000 -25.2169
36130000 -34.5789
36140000 -66.9366
36150000 -61.1452
36160000 -38.1463
36170000 -9.72438
36180000 -30.1591
36190000 -68.1169
36200000 -61.135
36210000 2.36092
36220000 -44.2492
36230000 38.5484
36240000 69.763
36250000 -73.3458
36260000 -32.4013
36270000 38.2637
36280000 -16.847
36290000 -39.5
36300000 -43.097
36310000 -23.1525
36320000 -23.8517
36330000 54.4519
36340000 -13.3543
36350000 40.8609
36360000 32.6174
36370000 52.9062
36380000 -28.3469
36390000 24.8579
36400000 -48.0571
36410000 82.3934
36420000 -22.4944
36430000 61.3047
36440000 -36.5624
36450000 -38.009
36460000 -139.599
36470000 -39.5175
36480000 -15.7949
36490000 -109.794
36500000 34.611
36510000 12.8224
36520000 -19.9041
36530000 -61.6989
36540000 34.4598
36550000 40.3163
36560000 14.2578
36570000 72.8419
36580000 29.7683
36590000 -98.0797
36600000 -41.321
36610000 32.973
36620000 107.641
36630000 -16.7371
36640000 84.6744
36650000 -30.4278
36660000 45.2128
36670000 68.8052
36680000 22.9711
36690000 -40.2257
36700000 -22.6837
36710000 0.679289
36720000 88.4039
36730000 12.6863
36740000 -27.4026
36750000 3.75367
36760000 -58.885
36770000 37.7611
36780000 28.8298
36790000 92.2779
36800000 31.4419
36810000 -38.0459
36820000 44.8519
36830000 21.8344
36840000 93.9898
36850000 -127.176
36860000 83.1
36870000 -56.3949
36880000 115.758
36890000 -8.20928
36900000 -6.83853
36910000 26.2434
36920000 -46.903
36930000 -95.5734
36940000 -28.4667
36950000 18.3855
36960000 47.8862
36970000 -42.4171
36980000 -95.5946
36990000 28.5236
37000000 -40.9736
37010000 76.2516
37020000 -38.4302
37030000 34.6268
37040000 22.331
37050000 -82.0106
37060000 83.9833
37070000 10.7384
37080000 114.465
37090000 59.3885
37100000 8.14036
37110000 -32.6166
37120000 -13.4
37130000 -25.9059
37140000 -73.9637
37150000 -1.57844
37160000 -3.87473
37170000 57.5734
37180000 27.4738
37190000 -65.6775
37200000 -19.0181
37210000 1.08952
37220000 36.1255
37230000 -41.4006
37240000 -71.9645
37250000 19.9773
37260000 8.91692
37270000 -104.278
37280000 6.15392
37290000 -56.1147
37300000 -79.6809
37310000 55.7786
37320000 -1.19042
37330000 45.3983
37340000 -68.9202
37350000 48.9093
37360000 -132.532
37370000 -79.6462
37380000 90.1635
37390000 -11.4359
37400000 48.4357
37410000 -72.8126
37420000 103.053
37430000 25.5641
37440000 92.8843
37450000 -20.4606
37460000 -10.4959
37470000 68.7345
37480000 23.4235
37490000 -1.77929
37500000 -35.0346
37510000 16.1409
37520000 27.8238
37530000 42.9327
37540000 -13.4254
37550000 -67.394
37560000 -58.6846
37570000 53.9062
37580000 71.7873
37590000 -21.6732
37600000 -11.0034
37610000 -13.1547
37620000 9.78554
37630000 -24.0617
37640000 57.5123
37650000 70.8503
37660000 123.69
37670000 -26.7314
37680000 -19.0537
37690000 -71.3971
37700000 96.1181
37710000 -47.3284
37720000 20.4269
37730000 33.6146
37740000 -10.4941
37750000 -50.4494
37760000 -41.9036
37770000 41.7643
37780000 31.7975
37790000 125.945
37800000 22.6689
37810000 33.5994
37820000 -35.584
37830000 31.2311
37840000 -5.44453
37850000 -93.0818
37860000 58.5933
37870000 -119.69
37880000 41.75
37890000 -15.728
37900000 -6.14946
37910000 -57.4523
37920000 66.1655
37930000 -39.1282
37940000 -47.364
37950000 -74.8426
37960000 -15.03
37970000 30.0346
37980000 11.9531
37990000 46.4654
38000000 -29.1388
38010000 61.7495
38020000 32.0716
38030000 86.8402
38040000 -85.6707
38050000 68.658
38060000 61.3479
38070000 -13.7097
38080000 88.1791
38090000 -65.8461
38100000 65.6376
38110000 115.8
38120000 0.886006
38130000 -89.3581
38140000 -56.1198
38150000 -115.545
38160000 22.9432
38170000 -2.59533
38180000 -40.8557
38190000 -30.9459
38200000 98.0912
38210000 109.986
38220000 -36.386
38230000 -93.5473
38240000 -10.0927
38250000 -60.7974
38260000 3.63071
38270000 -3.41033
38280000 -73.4274
38290000 -32.7675
38300000 -57.1235
38310000 -57.1388
38320000 59.2538
38330000 -4.85565
38340000 37.2549
38350000 18.2326
38360000 -10.0571
38370000 -46.2702
38380000 -21.7282
38390000 -30.8249
38400000 -17.104
38410000 68.8197
38420000 -32.258
38430000 90.5009
38440000 -4.80409
38450000 24.6919
38460000 -18.0406
38470000 -90.9148
38480000 54.6336
38490000 -96.8021
38500000 -0.589967
38510000 72.2343
38520000 13.347
38530000 -113.04
38540000 50.3356
38550000 48.6094
38560000 -8.28686
38570000 -36.7782
38580000 -55.9161
38590000 24.4168
38600000 -77.714
38610000 -36.5759
38620000 18.5366
38630000 -12.4322
38640000 -21.1165
38650000 -40.8761
38660000 -9.03133
38670000 -43.0099
38680000 -27.0638
38690000 -2.59281
38700000 -6.91347
38710000 45.6008
38720000 -40.2065
38730000 -40.1342
38740000 -31.1354
38750000 58.3885
38760000 3.94661
38770000 4.7855
38780000 -22.2661
38790000 37.8135
38800000 24.2647
38810000 -34.7146
38820000 43.142
38830000 -29.8654
38840000 0.0980214
38850000 -40.4761
38860000 23.4426
38870000 -18.4126
38880000 74.7985
38890000 -4.44672
38900000 -107.092
38910000 -18.613
38920000 -146.719
38930000 19.7401
38940000 -76.7075
38950000 -69.529
38960000 -62.3949
38970000 4.85357
38980000 -153.831
38990000 3.57395
39000000 28.0841
39010000 -10.8052
39020000 -21.2971
39030000 25.408
39040000 14.2486
39050000 37.0999
39060000 -39.3761
39070000 -21.4547
39080000 -45.4783
39090000 -52.3636
39100000 30.2105
39110000 -32.7853
39120000 6.12528
39130000 22.0133
39140000 -51.516
39150000 -117.663
39160000 3.09465
39170000 -34.963
39180000 -15.1782
39190000 0.0155062
39200000 -30.3829
39210000 76.0274
39220000 -125.118
39230000 -42.2084
39240000 -32.108
39250000 -159.823
39260000 -21.6094
39270000 -25.1264
39280000 30.6108
39290000 7.05187
39300000 -88.9322
39310000 89.7766
39320000 13.4191
39330000 103.5
39340000 105.37
39350000 -18.4552
39360000 22.6468
39370000 43.7657
39380000 -111.651
39390000 -26.5642
39400000 -33.0217
39410000 25.3378
39420000 -55.7721
39430000 -30.5154
39440000 24.0527
39450000 46.4813
39460000 -15.7505
39470000 -23.0808
39480000 -8.55558
39490000 -16.3223
39500000 -133.587
39510000 19.9339
39520000 -29.9636
39530000 -46.2947
39540000 -79.1735
39550000 -62.1502
39560000 -36.246
39570000 -74.0192
39580000 -46.0096
39590000 71.6806
39600000 186.495
39610000 50.8762
39620000 -70.9211
39630000 -41.4415
39640000 -7.94475
39650000 -52.0831
39660000 16.1277
39670000 -84.0652
39680000 -3.93716
39690000 10.0214
39700000 112.323
39710000 -154.743
39720000 62.5089
39730000 -16.8831
39740000 28.8039
39750000 -53.7039
39760000 -54.3448
39770000 63.1669
39780000 -60.696
39790000 108.565
39800000 -1.53705
39810000 -22.0823
39820000 -18.4291
39830000 33.3409
39840000 -109.986
39850000 -30.4187
39860000 -3.76217
39870000 2.72537
39880000 -0.0860594
39890000 67.3741
39900000 22.5654
39910000 -45.7157
39920000 0.0812611
39930000 -68.375
39940000 55.1748
39950000 -47.943
39960000 26.221
39970000 74.1673
39980000 -5.7073
39990000 -62.0173
40000000 -2.51678
40010000 12.6517
40020000 -120.646
40030000 7.80608
40040000 11.6783
40050000 4.06971
40060000 -4.82783
40070000 30.6439
40080000 68.0462
40090000 -37.9641
40100000 -17.9586
40110000 -43.2879
40120000 28.631
40130000 -14.0045
40140000 22.4286
40150000 -47.4399
40160000 -15.3127
40170000 0.236125
40180000 3.78961
40190000 30.0552
40200000 -40.0077
40210000 14.1862
40220000 -22.382
40230000 -19.1442
40240000 -13.9722
40250000 -27.2354
40260000 -45.4879
40270000 41.5559
40280000 -65.4536
40290000 61.8684
40300000 -23.5714
40310000 74.547
40320000 -63.2038
40330000 5.88888
40340000 -55.7285
40350000 40.3489
40360000 -120.954
40370000 97.8799
40380000 -36.5231
40390000 59.4109
40400000 -20.2793
40410000 69.4496
40420000 41.2623
40430000 -70.4387
40440000 -43.4819
40450000 -55.3186
40460000 19.2319
40470000 -168.653
40480000 41.8672
40490000 -102.948
40500000 -75.6745
40510000 5.31911
40520000 85.1973
40530000 14.3177
40540000 -61.336
40550000 8.93563
40560000 15.44
40570000 -85.9386
40580000 10.1164
40590000 -18.0289
40600000 -32.0929
40610000 23.4107
40620000 -72.2252
40630000 -33.1845
40640000 -81.1073
40650000 77.3898
40660000 64.5997
40670000 -72.4346
40680000 117.142
40690000 -3.08814
40700000 -34.8443
40710000 12.2876
40720000 36.033
40730000 124.372
40740000 43.8117
40750000 73.9951
40760000 -12.7992
40770000 -31.0746
40780000 -83.4479
40790000 -47.5865
40800000 13.0296
40810000 43.6706
40820000 12.2133
40830000 73.5524
40840000 57.9611
40850000 7.32697
40860000 -22.4256
40870000 -96.3676
40880000 -6.60409
40890000 -38.3401
40900000 -54.3462
40910000 -35.9238
40920000 13.4846
40930000 -5.54481
40940000 20.5226
40950000 78.77
40960000 -48.5774
40970000 -95.3672
40980000 -39.1766
40990000 37.4196
41000000 -51.5142
41010000 2.31323
41020000 59.6177
41030000 59.925
41040000 -29.9605
41050000 -40.4744
41060000 30.0527
41070000 -55.6841
41080000 -50.1983
41090000 61.1531
41100000 90.7274
41110000 -42.1628
41120000 -5.52203
41130000 24.2851
41140000 -17.8417
41150000 29.4406
41160000 34.4835
41170000 -80.2916
41180000 15.6385
41190000 39.8523
41200000 -9.31916
41210000 13.9658
41220000 61.0593
41230000 -8.95142
41240000 -2.96252
41250000 50.715
41260000 31.6124
41270000 6.02287
41280000 -66.6859
41290000 22.9694
41300000 -11.606
41310000 83.071
41320000 3.30734
41330000 29.3553
41340000 -48.1234
41350000 21.6448
41360000 -114.836
41370000 42.9792
41380000 -44.3871
41390000 44.9102
41400000 -49.8991
41410000 -112.995
41420000 -5.10337
41430000 -78.7477
41440000 -24.1981
41450000 -3.1134
41460000 -2.81393
41470000 -46.401
41480000 15.8436
41490000 -26.299
41500000 -45.1628
41510000 -15.5234
41520000 -82.2097
41530000 69.5777
41540000 -68.7749
41550000 84.4663
41560000 18.4548
41570000 -9.35238
41580000 -26.5937
41590000 -109.444
41600000 9.58659
41610000 -113.573
41620000 6.28237
41630000 20.9903
