# Time-averaged data for fix TempAve
# TimeStep c_T
10000 298.335
20000 297.967
30000 297.905
40000 297.958
50000 298.478
60000 298.276
70000 297.97
80000 298.459
90000 298.031
100000 298.031
110000 298.196
120000 298.319
130000 298.176
140000 298.053
150000 298.371
160000 297.568
170000 297.951
180000 297.798
190000 298.305
200000 298.757
210000 297.631
220000 297.791
230000 297.952
240000 298
250000 298.208
260000 298.387
270000 297.901
280000 298.068
290000 298.482
300000 297.695
310000 297.4
320000 298.064
330000 298.731
340000 297.745
350000 297.77
360000 297.606
370000 298.065
380000 298.055
390000 298.594
400000 297.691
410000 298.634
420000 297.611
430000 297.918
440000 297.968
450000 298.182
460000 298.007
470000 298.017
480000 297.666
490000 297.899
500000 297.96
510000 298.167
520000 297.688
530000 298.003
540000 298.166
550000 298.324
560000 298.479
570000 297.915
580000 297.806
590000 298
600000 298.093
610000 298.215
620000 297.643
630000 297.778
640000 297.625
650000 298.149
660000 298.318
670000 298.034
680000 298.084
690000 297.663
700000 298.066
710000 297.514
720000 298.024
730000 297.883
740000 297.669
750000 297.939
760000 298.181
770000 297.987
780000 297.93
790000 297.674
800000 298.003
810000 298.377
820000 298.243
830000 298.406
840000 297.909
850000 297.99
860000 298.533
870000 297.879
880000 298.085
890000 298.202
900000 298.701
910000 298.281
920000 298.022
930000 297.463
940000 297.888
950000 297.053
960000 298.062
970000 297.855
980000 298.366
990000 298.111
1000000 298.044
1010000 297.307
1020000 298.295
1030000 298.678
1040000 297.636
1050000 297.748
1060000 297.73
1070000 298.79
1080000 297.933
1090000 297.693
1100000 297.997
1110000 297.659
1120000 297.829
1130000 298.183
1140000 298.319
1150000 297.59
1160000 298.217
1170000 298.193
1180000 298.032
1190000 298.189
1200000 297.83
1210000 298.116
1220000 298.489
1230000 297.963
1240000 297.583
1250000 297.695
1260000 297.717
1270000 297.707
1280000 298.053
1290000 298.164
1300000 297.912
1310000 298.268
1320000 297.675
1330000 298.204
1340000 298.033
1350000 297.745
1360000 297.575
1370000 297.608
1380000 297.621
1390000 297.903
1400000 298.12
1410000 298.699
1420000 298.396
1430000 298.275
1440000 297.964
1450000 298.149
1460000 298.514
1470000 297.905
1480000 297.932
1490000 297.975
1500000 298.237
1510000 298.47
1520000 298.058
1530000 298.014
1540000 297.754
1550000 297.992
1560000 297.784
1570000 298.092
1580000 298.256
1590000 298.405
1600000 298.17
1610000 298.048
1620000 298.352
1630000 298.194
1640000 298.089
1650000 297.973
1660000 298.215
1670000 298.522
1680000 298.042
1690000 297.646
1700000 298.175
1710000 297.966
1720000 298.288
1730000 298.023
1740000 297.859
1750000 297.925
1760000 298.563
1770000 298.204
1780000 298.013
1790000 297.289
1800000 298.09
1810000 297.921
1820000 297.761
1830000 298.431
1840000 298.296
1850000 298.456
1860000 298.522
1870000 298.23
1880000 297.794
1890000 298.104
1900000 297.481
1910000 297.862
1920000 297.769
1930000 298.351
1940000 298.162
1950000 297.508
1960000 297.506
1970000 297.904
1980000 298.07
1990000 297.335
2000000 298.444
2010000 298.233
2020000 298.583
2030000 298.183
2040000 297.512
2050000 298.298
2060000 297.364
2070000 297.7
2080000 297.783
2090000 297.956
2100000 298.107
2110000 298.005
2120000 298.214
2130000 297.935
2140000 297.6
2150000 298.052
2160000 298.249
2170000 298.361
2180000 298.32
2190000 297.741
2200000 297.98
2210000 298.545
2220000 298.347
2230000 298.057
2240000 297.427
2250000 298.113
2260000 298.6
2270000 298.09
2280000 297.78
2290000 297.745
2300000 298.176
2310000 298.056
2320000 297.98
2330000 298.191
2340000 297.666
2350000 298.206
2360000 298.07
2370000 297.76
2380000 297.717
2390000 297.555
2400000 297.808
2410000 297.683
2420000 298.092
2430000 297.923
2440000 297.722
2450000 298.02
2460000 297.747
2470000 297.853
2480000 298.297
2490000 297.915
2500000 298.126
2510000 298.445
2520000 298.356
2530000 297.725
2540000 297.993
2550000 298.015
2560000 298.006
2570000 297.965
2580000 298.269
2590000 297.874
2600000 298.446
2610000 297.903
2620000 298.289
2630000 297.855
2640000 298.012
2650000 297.989
2660000 297.742
2670000 298.102
2680000 297.879
2690000 297.721
2700000 297.962
2710000 298.027
2720000 298.051
2730000 298.348
2740000 297.849
2750000 298.1
2760000 297.932
2770000 298.42
2780000 297.788
2790000 297.618
2800000 297.616
2810000 298.32
2820000 298.031
2830000 298.121
2840000 298.257
2850000 298.104
2860000 297.923
2870000 298.066
2880000 298.059
2890000 297.505
2900000 297.829
2910000 297.891
2920000 298.181
2930000 297.852
2940000 297.96
2950000 297.504
2960000 298.115
2970000 298.18
2980000 297.692
2990000 298.048
3000000 298.251
3010000 298.627
3020000 298.327
3030000 297.702
3040000 297.526
3050000 298.001
3060000 298.214
3070000 298.18
3080000 297.766
3090000 297.97
3100000 298.299
3110000 297.917
3120000 298.285
3130000 298.081
3140000 298.085
3150000 297.634
3160000 297.61
3170000 298.318
3180000 297.693
3190000 297.923
3200000 297.458
3210000 297.946
3220000 297.831
3230000 297.427
3240000 297.793
3250000 298.407
3260000 297.888
3270000 298.832
3280000 298.216
3290000 297.819
3300000 298.103
3310000 297.292
3320000 298.726
3330000 298.001
3340000 297.787
3350000 298.076
3360000 297.849
3370000 298.307
3380000 298.19
3390000 298.033
3400000 298.313
3410000 297.694
3420000 298.225
3430000 298.431
3440000 298.089
3450000 297.678
3460000 298.32
3470000 298.064
3480000 297.614
3490000 298.22
3500000 298.163
3510000 298.098
3520000 298.32
3530000 298.013
3540000 297.953
3550000 297.676
3560000 297.886
3570000 298.055
3580000 297.922
3590000 297.891
3600000 297.784
3610000 298.193
3620000 297.822
3630000 298.152
3640000 297.998
3650000 298.137
3660000 297.867
3670000 297.888
3680000 297.843
3690000 297.683
3700000 297.871
3710000 298.129
3720000 298.339
3730000 297.741
3740000 298.101
3750000 297.971
3760000 298.018
3770000 298.101
3780000 297.893
3790000 297.838
3800000 298.329
3810000 297.793
3820000 297.802
3830000 297.61
3840000 298.038
3850000 298.305
3860000 298.314
3870000 297.852
3880000 297.51
3890000 298.247
3900000 298.327
3910000 297.973
3920000 297.495
3930000 297.839
3940000 298.414
3950000 298.201
3960000 298.117
3970000 298.397
3980000 298.419
3990000 297.679
4000000 297.888
4010000 298.072
4020000 298.082
4030000 298.24
4040000 298.047
4050000 298.065
4060000 298.085
4070000 298.101
4080000 298.111
4090000 297.825
4100000 298.089
4110000 297.952
4120000 297.784
4130000 298.378
4140000 298.269
4150000 298.124
4160000 297.931
4170000 297.852
4180000 297.816
4190000 298.062
4200000 298.031
4210000 298.13
4220000 297.853
4230000 298.132
4240000 297.596
4250000 297.695
4260000 297.745
4270000 297.752
4280000 298.27
4290000 297.925
4300000 298.043
4310000 297.998
4320000 297.392
4330000 297.761
4340000 297.471
4350000 298.096
4360000 298.459
4370000 297.929
4380000 298.376
4390000 297.473
4400000 298.112
4410000 298.074
4420000 297.822
4430000 297.82
4440000 298.255
4450000 297.366
4460000 298.392
4470000 298.043
4480000 298.382
4490000 297.858
4500000 297.923
4510000 298.331
4520000 297.612
4530000 297.8
4540000 297.889
4550000 298.117
4560000 297.721
4570000 298.177
4580000 298.376
4590000 297.938
4600000 297.731
4610000 298.187
4620000 298.077
4630000 298.405
4640000 297.803
4650000 297.968
4660000 297.99
4670000 298.038
4680000 297.939
4690000 298.088
4700000 298.381
4710000 298.552
4720000 297.659
4730000 297.775
4740000 298.343
4750000 298.184
4760000 298.319
4770000 298.498
4780000 298.15
4790000 298.314
4800000 297.313
4810000 298.389
4820000 297.636
4830000 297.391
4840000 297.806
4850000 298.228
4860000 297.719
4870000 298.462
4880000 297.906
4890000 297.628
4900000 297.652
4910000 298.119
4920000 298.143
4930000 298.223
4940000 298.014
4950000 298.248
4960000 298.157
4970000 297.897
4980000 297.923
4990000 297.945
5000000 297.768
5010000 298.233
5020000 297.874
5030000 297.916
5040000 297.376
5050000 297.789
5060000 298.095
5070000 297.917
5080000 298.309
5090000 298.316
5100000 298.154
5110000 297.813
5120000 298.145
5130000 297.93
5140000 297.905
5150000 297.618
5160000 297.717
5170000 298.446
5180000 298.28
5190000 297.816
5200000 298.279
5210000 298.492
5220000 297.943
5230000 298.123
5240000 298.053
5250000 297.791
5260000 297.921
5270000 297.877
5280000 298.01
5290000 298.08
5300000 297.933
5310000 298.112
5320000 297.771
5330000 298.295
5340000 297.662
5350000 298.485
5360000 297.883
5370000 298.07
5380000 297.766
5390000 297.729
5400000 298.034
5410000 297.588
5420000 298.331
5430000 297.877
5440000 297.373
5450000 297.787
5460000 297.912
5470000 298.047
5480000 298.111
5490000 298.066
5500000 297.86
5510000 297.894
5520000 297.907
5530000 298.379
5540000 297.823
5550000 297.866
5560000 297.926
5570000 297.565
5580000 297.801
5590000 297.797
5600000 297.704
5610000 297.87
5620000 298
5630000 297.638
5640000 297.762
5650000 298.314
5660000 297.948
5670000 297.762
5680000 297.73
5690000 297.723
5700000 298.261
5710000 297.67
5720000 298.328
5730000 297.805
5740000 298.055
5750000 298.44
5760000 298.416
5770000 298.044
5780000 297.551
5790000 298.008
5800000 297.962
5810000 298.065
5820000 297.936
5830000 297.739
5840000 297.7
5850000 297.996
5860000 298.101
5870000 297.887
5880000 298.348
5890000 297.551
5900000 297.187
5910000 298.119
5920000 298.01
5930000 297.569
5940000 297.716
5950000 298.526
5960000 298.268
5970000 298.23
5980000 298.12
5990000 298.144
6000000 298.238
6010000 298.278
6020000 298.105
6030000 297.809
6040000 298.4
6050000 298.142
6060000 298.7
6070000 297.837
6080000 298.317
6090000 297.716
6100000 298.213
6110000 298.072
6120000 298.37
6130000 298.153
6140000 298.067
6150000 297.723
6160000 297.387
6170000 298.044
6180000 298.056
6190000 298.226
6200000 298.244
6210000 298.239
6220000 297.88
6230000 298.218
6240000 298.253
6250000 297.568
6260000 297.925
6270000 298.432
6280000 297.993
6290000 297.583
6300000 298.366
6310000 298.515
6320000 297.82
6330000 297.798
6340000 297.589
6350000 297.917
6360000 298.146
6370000 297.701
6380000 298.261
6390000 298.137
6400000 298.274
6410000 297.304
6420000 297.732
6430000 298.126
6440000 298.419
6450000 298.534
6460000 297.43
6470000 297.916
6480000 298.008
6490000 298.109
6500000 297.82
6510000 298.351
6520000 297.841
6530000 298.495
6540000 297.395
6550000 297.856
6560000 298.145
6570000 298.075
6580000 298.5
6590000 298.136
6600000 298.229
6610000 297.881
6620000 298.069
6630000 298.071
6640000 298.253
6650000 297.416
6660000 298.197
6670000 298.198
6680000 298.378
6690000 298.045
6700000 298.02
6710000 297.681
6720000 298.01
6730000 298.077
6740000 298.563
6750000 298.094
6760000 297.987
6770000 297.658
6780000 297.895
6790000 297.999
6800000 298.357
6810000 298.503
6820000 298.305
6830000 298.226
6840000 298.322
6850000 297.979
6860000 297.97
6870000 297.755
6880000 297.913
6890000 297.603
6900000 297.914
6910000 298.248
6920000 298.258
6930000 297.674
6940000 297.925
6950000 297.936
6960000 297.971
6970000 298.242
6980000 297.566
6990000 297.715
7000000 297.793
7010000 298.314
7020000 297.521
7030000 297.954
7040000 297.918
7050000 297.414
7060000 297.952
7070000 297.618
7080000 298.203
7090000 298.502
7100000 297.769
7110000 298.2
7120000 297.774
7130000 297.681
7140000 297.809
7150000 298.098
7160000 298.238
7170000 298.145
7180000 298.127
7190000 298.297
7200000 297.723
7210000 298.154
7220000 298.051
7230000 298.124
7240000 297.739
7250000 297.618
7260000 298.007
7270000 298.394
7280000 298.122
7290000 297.798
7300000 298.4
7310000 298.075
7320000 298.165
7330000 298.37
7340000 298.095
7350000 297.974
7360000 297.732
7370000 297.82
7380000 297.728
7390000 298.03
7400000 297.961
7410000 298.13
7420000 298.258
7430000 298.32
7440000 298.01
7450000 297.829
7460000 297.862
7470000 297.826
7480000 298.112
7490000 297.395
7500000 298.155
7510000 298.186
7520000 297.151
7530000 297.41
7540000 297.846
7550000 297.821
7560000 298.145
7570000 298.206
7580000 297.721
7590000 298.605
7600000 298.149
7610000 298.002
7620000 297.934
7630000 298.626
7640000 297.969
7650000 298.2
7660000 297.541
7670000 297.742
7680000 297.889
7690000 298.304
7700000 298.068
7710000 297.649
7720000 298.304
7730000 298.486
7740000 297.971
7750000 297.699
7760000 298.133
7770000 298.016
7780000 298.151
7790000 298.061
7800000 297.713
7810000 297.583
7820000 297.514
7830000 298.171
7840000 297.692
7850000 297.956
7860000 298.123
7870000 297.889
7880000 298.028
7890000 297.95
7900000 298.359
7910000 297.987
7920000 298.14
7930000 297.877
7940000 298.273
7950000 298.064
7960000 298.446
7970000 297.652
7980000 297.974
7990000 297.893
8000000 298.045
8010000 298.091
8020000 298.062
8030000 297.798
8040000 298.284
8050000 298.348
8060000 297.677
8070000 297.882
8080000 298.275
8090000 298.142
8100000 298.189
8110000 298.104
8120000 298.031
8130000 297.971
8140000 298.028
8150000 298.241
8160000 298.382
8170000 297.57
8180000 297.661
8190000 298.019
8200000 297.907
8210000 297.929
8220000 298.186
8230000 298.338
8240000 297.702
8250000 297.868
8260000 298.006
8270000 297.748
8280000 297.867
8290000 297.652
8300000 298.007
8310000 298.373
8320000 298.207
8330000 298.092
8340000 298
8350000 297.55
8360000 298.044
8370000 298.088
8380000 298.081
8390000 297.819
8400000 297.943
8410000 297.838
8420000 298.056
8430000 298.266
8440000 297.978
8450000 298.321
8460000 297.496
8470000 298.241
8480000 298.094
8490000 297.902
8500000 298.27
8510000 298.187
8520000 297.855
8530000 298.1
8540000 297.545
8550000 298.254
8560000 298.022
8570000 297.963
8580000 298.188
8590000 298.383
8600000 298.399
8610000 298.103
8620000 297.83
8630000 297.72
8640000 297.659
8650000 297.535
8660000 297.992
8670000 298.121
8680000 297.658
8690000 297.968
8700000 297.484
8710000 297.921
8720000 298.532
8730000 297.995
8740000 298.213
8750000 298.287
8760000 298.163
8770000 298.382
8780000 298.205
8790000 298.069
8800000 297.752
8810000 298.272
8820000 298.436
8830000 298.295
8840000 297.882
8850000 297.884
8860000 298.069
8870000 298.547
8880000 297.275
8890000 297.977
8900000 297.94
8910000 297.627
8920000 297.729
8930000 298.627
8940000 297.64
8950000 297.816
8960000 297.577
8970000 297.59
8980000 297.785
8990000 298.371
9000000 298.774
9010000 298.158
9020000 297.785
9030000 297.954
9040000 298.216
9050000 297.921
9060000 298.101
9070000 297.742
9080000 298.17
9090000 297.937
9100000 298.134
9110000 298.358
9120000 298.18
9130000 298.27
9140000 297.53
9150000 298.057
9160000 297.892
9170000 298.425
9180000 297.716
9190000 298.124
9200000 297.496
9210000 298.578
9220000 298.507
9230000 298.113
9240000 297.907
9250000 297.843
9260000 298.102
9270000 298.627
9280000 298.073
9290000 298.071
9300000 298.238
9310000 297.762
9320000 297.766
9330000 298.124
9340000 297.874
9350000 297.661
9360000 297.674
9370000 298.068
9380000 297.808
9390000 298.206
9400000 297.738
9410000 297.93
9420000 298.084
9430000 297.917
9440000 297.81
9450000 297.83
9460000 297.951
9470000 298.263
9480000 298.141
9490000 297.817
9500000 297.742
9510000 298.101
9520000 297.509
9530000 298.062
9540000 297.455
9550000 298.136
9560000 298.011
9570000 298.164
9580000 297.932
9590000 297.497
9600000 297.801
9610000 297.752
9620000 298.288
9630000 298.051
9640000 297.748
9650000 297.639
9660000 298.365
9670000 298.018
9680000 297.829
9690000 297.855
9700000 298.534
9710000 298.363
9720000 298.037
9730000 297.779
9740000 298.217
9750000 297.937
9760000 298.098
9770000 298.234
9780000 298.099
9790000 298.014
9800000 297.565
9810000 297.894
9820000 298.086
9830000 298.286
9840000 297.98
9850000 297.844
9860000 298.154
9870000 298.07
9880000 297.912
9890000 298.038
9900000 297.834
9910000 297.862
9920000 297.746
9930000 298.53
9940000 297.957
9950000 297.785
9960000 298.065
9970000 298.026
9980000 297.468
9990000 297.753
10000000 298.5
10010000 298.127
10020000 297.909
10030000 297.832
10040000 298.259
10050000 298.183
10060000 298.697
10070000 297.873
10080000 298.036
10090000 298.123
10100000 298.013
10110000 298.083
10120000 297.867
10130000 298.53
10140000 297.812
10150000 297.541
10160000 297.932
10170000 297.533
10180000 298.156
10190000 298.134
10200000 298.082
10210000 298.07
10220000 298.442
10230000 297.399
10240000 298.116
10250000 298.384
10260000 297.731
10270000 298.047
10280000 298.049
10290000 298.608
10300000 298.188
10310000 298.005
10320000 297.699
10330000 298.26
10340000 297.751
10350000 297.719
10360000 297.934
10370000 297.831
10380000 297.765
10390000 298.153
10400000 297.819
10410000 298.084
10420000 298.252
10430000 298.418
10440000 297.513
10450000 297.838
10460000 298.058
10470000 298.398
10480000 297.945
10490000 297.997
10500000 298.02
10510000 298.367
10520000 297.313
10530000 298.221
10540000 298.085
10550000 297.992
10560000 298.119
10570000 298.236
10580000 298.021
10590000 298.212
10600000 297.827
10610000 298.419
10620000 298.041
10630000 297.973
10640000 298.191
10650000 298.112
10660000 298.131
10670000 297.96
10680000 297.174
10690000 297.691
10700000 297.957
10710000 297.785
10720000 297.98
10730000 298.408
10740000 298.041
10750000 298.619
10760000 297.87
10770000 297.959
10780000 298.378
10790000 298.249
10800000 297.92
10810000 298.096
10820000 297.815
10830000 297.909
10840000 298.15
10850000 297.851
10860000 297.733
10870000 298.48
10880000 297.709
10890000 298.197
10900000 298.582
10910000 297.406
10920000 298.006
10930000 298.072
10940000 298.158
10950000 298.229
10960000 297.922
10970000 297.843
10980000 298.057
10990000 298.626
11000000 298.107
11010000 298.158
11020000 298.688
11030000 298.081
11040000 298.028
11050000 297.467
11060000 297.884
11070000 298.198
11080000 298.569
11090000 297.582
11100000 298.627
11110000 297.638
11120000 297.718
11130000 298.21
11140000 298.108
11150000 297.975
11160000 298.159
11170000 298
11180000 297.869
11190000 298.052
11200000 297.734
11210000 297.767
11220000 298.226
11230000 297.74
11240000 297.946
11250000 297.763
11260000 297.891
11270000 297.987
11280000 297.966
11290000 298.244
11300000 297.67
11310000 298.036
11320000 298.059
11330000 298.557
11340000 298.378
11350000 298.279
11360000 298.243
11370000 298.166
11380000 298.435
11390000 298.277
11400000 298.385
11410000 298.423
11420000 298.231
11430000 297.815
11440000 297.777
11450000 297.797
11460000 298.429
11470000 298.433
11480000 298.09
11490000 297.808
11500000 297.588
11510000 297.639
11520000 298.736
11530000 297.872
11540000 297.72
11550000 297.668
11560000 297.937
11570000 298.226
11580000 297.786
11590000 297.988
11600000 298.004
11610000 298.22
11620000 297.848
11630000 298.43
11640000 297.897
11650000 297.455
11660000 297.779
11670000 298.401
11680000 297.782
11690000 298.082
11700000 297.997
11710000 297.877
11720000 298.191
11730000 297.538
11740000 297.896
11750000 297.86
11760000 298.249
11770000 298.466
11780000 297.75
11790000 298.234
11800000 297.576
11810000 298.035
11820000 297.463
11830000 298.88
11840000 298.235
11850000 298.423
11860000 298.258
11870000 298.167
11880000 297.703
11890000 298.071
11900000 297.685
11910000 297.914
11920000 298.053
11930000 298.042
11940000 297.867
11950000 297.477
11960000 297.837
11970000 298.37
11980000 298.096
11990000 297.899
12000000 297.745
12010000 297.489
12020000 298.646
12030000 297.801
12040000 298.272
12050000 297.532
12060000 297.871
12070000 298.38
12080000 297.793
12090000 298.01
12100000 298.071
12110000 298.007
12120000 298.208
12130000 298.128
12140000 298.078
12150000 297.712
12160000 297.674
12170000 298.187
12180000 298.255
12190000 297.901
12200000 297.725
12210000 297.325
12220000 298.447
12230000 297.78
12240000 298.255
12250000 298.501
12260000 297.956
12270000 298.207
12280000 298.113
12290000 298.188
12300000 297.92
12310000 297.669
12320000 298.272
12330000 297.952
12340000 297.636
12350000 297.986
12360000 298.21
12370000 298.196
12380000 298.453
12390000 298.293
12400000 298.108
12410000 297.894
12420000 297.902
12430000 298.254
12440000 297.833
12450000 297.285
12460000 297.872
12470000 298.162
12480000 297.994
12490000 297.625
12500000 298.417
12510000 298.184
12520000 297.769
12530000 298.074
12540000 298.039
12550000 297.125
12560000 298.012
12570000 298.278
12580000 297.863
12590000 298.175
12600000 297.728
12610000 297.628
12620000 297.92
12630000 297.722
12640000 297.685
12650000 298.308
12660000 297.617
12670000 297.928
12680000 297.865
12690000 298.191
12700000 298.33
12710000 297.893
12720000 297.84
12730000 297.518
12740000 297.352
12750000 298.343
12760000 297.944
12770000 297.862
12780000 297.836
12790000 297.687
12800000 297.794
12810000 297.988
12820000 298.143
12830000 297.794
12840000 297.731
12850000 298.071
12860000 298.048
12870000 297.809
12880000 298.159
12890000 298.22
12900000 298.216
12910000 298.452
12920000 297.887
12930000 298.386
12940000 298.362
12950000 297.937
12960000 298.233
12970000 298.352
12980000 298.205
12990000 298.021
13000000 298.238
13010000 297.725
13020000 297.859
13030000 297.883
13040000 298.294
13050000 298.118
13060000 298.01
13070000 297.671
13080000 298.295
13090000 298.179
13100000 298.246
13110000 298.436
13120000 297.817
13130000 297.837
13140000 298.178
13150000 297.575
13160000 298.355
13170000 297.9
13180000 297.654
13190000 298.584
13200000 298.298
13210000 298.183
13220000 298.006
13230000 298.094
13240000 298.045
13250000 298.053
13260000 297.903
13270000 298.197
13280000 297.903
13290000 298.384
13300000 297.746
13310000 297.998
13320000 298.37
13330000 298.199
13340000 298.01
13350000 298.197
13360000 297.974
13370000 297.653
13380000 297.539
13390000 298.413
13400000 297.934
13410000 297.961
13420000 298.118
13430000 297.808
13440000 298.206
13450000 298.055
13460000 297.751
13470000 297.884
13480000 298.044
13490000 297.905
13500000 298.253
13510000 298.356
13520000 298.077
13530000 297.669
13540000 298.085
13550000 297.856
13560000 297.7
13570000 298.332
13580000 298.488
13590000 297.847
13600000 298.294
13610000 297.83
13620000 297.324
13630000 298.18
13640000 298.322
13650000 298.059
13660000 297.86
13670000 297.737
13680000 297.942
13690000 297.938
13700000 298.289
13710000 298.096
13720000 298.551
13730000 298.355
13740000 297.531
13750000 297.875
13760000 298.196
13770000 298.05
13780000 298.237
13790000 297.56
13800000 297.587
13810000 298.156
13820000 297.965
13830000 297.84
13840000 298.22
13850000 298.045
13860000 297.865
13870000 297.638
13880000 297.958
13890000 297.905
13900000 298.033
13910000 298.475
13920000 298.056
13930000 297.721
13940000 297.428
13950000 297.633
13960000 297.799
13970000 298.121
13980000 298.152
13990000 298.186
14000000 298.204
14010000 298.137
14020000 298.348
14030000 297.947
14040000 298.054
14050000 298.135
14060000 297.867
14070000 298.319
14080000 297.667
14090000 297.648
14100000 297.376
14110000 297.664
14120000 298.217
14130000 298.335
14140000 298.227
14150000 298.295
14160000 297.8
14170000 297.442
14180000 298.268
14190000 297.85
14200000 298.194
14210000 297.702
14220000 298.034
14230000 297.75
14240000 297.583
14250000 297.997
14260000 298.23
14270000 298.211
14280000 297.893
14290000 297.783
14300000 298.083
14310000 298.125
14320000 297.655
14330000 298.23
14340000 298.241
14350000 298.292
14360000 298.086
14370000 297.988
14380000 298.153
14390000 298.322
14400000 297.972
14410000 297.634
14420000 297.672
14430000 297.868
14440000 298.293
14450000 297.64
14460000 298.427
14470000 298.138
14480000 298.5
14490000 297.506
14500000 297.914
14510000 298.015
14520000 297.726
14530000 298.227
14540000 298.103
14550000 297.913
14560000 297.347
14570000 298.336
14580000 297.956
14590000 297.889
14600000 298.221
14610000 298.133
14620000 297.696
14630000 297.939
14640000 298.385
14650000 298.03
14660000 297.886
14670000 298.124
14680000 298.622
14690000 297.948
14700000 297.433
14710000 298.293
14720000 297.825
14730000 297.881
14740000 297.654
14750000 298.083
14760000 298.272
14770000 298.158
14780000 297.773
14790000 297.747
14800000 297.584
14810000 298.265
14820000 298.139
14830000 297.812
14840000 297.566
14850000 298.509
14860000 298.388
14870000 297.894
14880000 297.576
14890000 297.669
14900000 297.917
14910000 297.749
14920000 297.63
14930000 298.207
14940000 298.666
14950000 298.536
14960000 298.229
14970000 298.28
14980000 298.096
14990000 297.944
15000000 298.069
15010000 297.695
15020000 297.704
15030000 297.873
15040000 298.157
15050000 298.481
15060000 297.774
15070000 297.857
15080000 297.939
15090000 298.097
15100000 297.875
15110000 298.196
15120000 298.112
15130000 298.202
15140000 297.966
15150000 297.987
15160000 297.696
15170000 298.328
15180000 298.166
15190000 298.305
15200000 297.922
15210000 297.803
15220000 297.78
15230000 298.3
15240000 297.413
15250000 298.492
15260000 298.166
15270000 298.078
15280000 297.998
15290000 298.032
15300000 298.166
15310000 298.368
15320000 297.323
15330000 298.39
15340000 298.025
15350000 298.07
15360000 297.973
15370000 297.687
15380000 297.92
15390000 297.886
15400000 298.197
15410000 298.371
15420000 297.978
15430000 298.276
15440000 297.694
15450000 297.87
15460000 298.432
15470000 298.1
15480000 298.385
15490000 297.661
15500000 297.842
15510000 298.14
15520000 298.09
15530000 297.777
15540000 298.054
15550000 298.075
15560000 298.19
15570000 297.877
15580000 297.841
15590000 298.717
15600000 298.215
15610000 297.774
15620000 297.677
15630000 298.001
15640000 298.079
15650000 297.868
15660000 298.305
15670000 298.007
15680000 297.788
15690000 298.151
15700000 297.573
15710000 297.923
15720000 298.16
15730000 298.085
15740000 298.098
15750000 297.822
15760000 297.87
15770000 298.095
15780000 298.242
15790000 297.989
15800000 297.734
15810000 297.95
15820000 297.941
15830000 297.774
15840000 297.941
15850000 297.649
15860000 298.059
15870000 298.171
15880000 297.899
15890000 298.403
15900000 298.502
15910000 297.895
15920000 298.04
15930000 297.967
15940000 298.142
15950000 298.162
15960000 297.595
15970000 298.154
15980000 297.725
15990000 298.088
16000000 297.845
16010000 298.18
16020000 297.856
16030000 298.086
16040000 298.095
16050000 298.069
16060000 298.13
16070000 298.39
16080000 298.569
16090000 297.979
16100000 298.122
16110000 298.362
16120000 297.955
16130000 298.085
16140000 298.422
16150000 297.846
16160000 297.712
16170000 297.995
16180000 298.043
16190000 298.313
16200000 298.277
16210000 297.688
16220000 298.249
16230000 297.79
16240000 298.544
16250000 298.118
16260000 297.671
16270000 298.364
16280000 298.224
16290000 297.715
16300000 297.879
16310000 297.509
16320000 297.966
16330000 298.313
16340000 298.205
16350000 298.233
16360000 297.746
16370000 298.221
16380000 297.766
16390000 297.927
16400000 298.38
16410000 298.18
16420000 298.214
16430000 297.989
16440000 297.715
16450000 297.998
16460000 298.111
16470000 297.932
16480000 297.65
16490000 298.089
16500000 297.793
16510000 297.846
16520000 297.883
16530000 298.064
16540000 297.854
16550000 298.516
16560000 298.012
16570000 297.736
16580000 297.602
16590000 297.392
16600000 298.121
16610000 298.13
16620000 298.227
16630000 298.218
16640000 298.123
16650000 298.519
16660000 297.992
16670000 297.996
16680000 297.433
16690000 297.754
16700000 298.115
16710000 298.206
16720000 298.159
16730000 297.71
16740000 298.306
16750000 298.042
16760000 298.25
16770000 297.332
16780000 297.932
16790000 297.886
16800000 298.165
16810000 298.371
16820000 298.159
16830000 297.559
16840000 297.99
16850000 297.883
16860000 298.374
16870000 297.591
16880000 298.025
16890000 298.368
16900000 298.419
16910000 298.286
16920000 298.168
16930000 297.899
16940000 297.946
16950000 297.909
16960000 298.131
16970000 297.662
16980000 297.895
16990000 298.122
17000000 297.882
17010000 298.355
17020000 297.802
17030000 298.12
17040000 298.143
17050000 297.98
17060000 297.829
17070000 297.967
17080000 297.793
17090000 297.849
17100000 298.645
17110000 297.516
17120000 298.246
17130000 297.628
17140000 297.705
17150000 297.868
17160000 298.167
17170000 298.585
17180000 298.107
17190000 297.993
17200000 298.057
17210000 297.704
17220000 298.069
17230000 298.055
17240000 298.214
17250000 298.033
17260000 297.898
17270000 298.178
17280000 297.791
17290000 298.259
17300000 297.861
17310000 297.917
17320000 298.423
17330000 297.856
17340000 297.896
17350000 297.607
17360000 298.055
17370000 297.859
17380000 297.913
17390000 298.56
17400000 297.967
17410000 298.155
17420000 297.841
17430000 297.828
17440000 297.43
17450000 298.037
17460000 298.217
17470000 297.963
17480000 297.842
17490000 298.021
17500000 298.235
17510000 297.901
17520000 297.059
17530000 298.097
17540000 298.416
17550000 297.868
17560000 297.881
17570000 297.867
17580000 297.677
17590000 298.264
17600000 297.407
17610000 297.774
17620000 297.788
17630000 297.75
17640000 298.342
17650000 297.822
17660000 298.199
17670000 297.789
17680000 298.068
17690000 297.799
17700000 297.768
17710000 298.302
17720000 298.317
17730000 297.858
17740000 298.069
17750000 297.921
17760000 298.226
17770000 298.102
17780000 298.412
17790000 297.764
17800000 297.985
17810000 298.538
17820000 298.021
17830000 298.318
17840000 297.829
17850000 297.894
17860000 297.87
17870000 297.485
17880000 297.706
17890000 297.674
17900000 297.502
17910000 298.127
17920000 298.463
17930000 298.295
17940000 297.296
17950000 298.503
17960000 297.66
17970000 298.186
17980000 298.105
17990000 297.244
18000000 298.035
18010000 298.297
18020000 297.852
18030000 297.782
18040000 297.576
18050000 297.856
18060000 297.94
18070000 297.505
18080000 297.92
18090000 298.042
18100000 298.078
18110000 297.737
18120000 297.996
18130000 297.462
18140000 298.501
18150000 298.486
18160000 298.252
18170000 297.954
18180000 297.848
18190000 297.763
18200000 297.388
18210000 298.17
18220000 298.264
18230000 297.995
18240000 298.45
18250000 297.961
18260000 297.659
18270000 298.343
18280000 297.902
18290000 298.033
18300000 298.131
18310000 297.475
18320000 298.202
18330000 298.446
18340000 298.609
18350000 297.873
18360000 298.049
18370000 298.121
18380000 297.912
18390000 297.557
18400000 298.105
18410000 298.163
18420000 298.054
18430000 297.794
18440000 297.85
18450000 298.226
18460000 298.093
18470000 298.142
18480000 297.559
18490000 298.225
18500000 297.824
18510000 298.33
18520000 297.888
18530000 297.6
18540000 298.002
18550000 297.943
18560000 298.538
18570000 298.402
18580000 297.974
18590000 298.057
18600000 297.857
18610000 298.006
18620000 297.826
18630000 297.909
18640000 297.95
18650000 298.236
18660000 297.686
18670000 298.507
18680000 297.961
18690000 298.06
18700000 297.707
18710000 297.465
18720000 297.818
18730000 297.873
18740000 297.856
18750000 298.154
18760000 297.773
18770000 298.837
18780000 298.2
18790000 298.16
18800000 298.403
18810000 298.339
18820000 298.448
18830000 297.434
18840000 298.035
18850000 298.253
18860000 298.044
18870000 298.359
18880000 298.322
18890000 297.53
18900000 298.203
18910000 297.885
18920000 298.168
18930000 297.961
18940000 297.686
18950000 298.325
18960000 297.895
18970000 298.363
18980000 298.039
18990000 297.86
19000000 297.875
19010000 298.302
19020000 297.997
19030000 297.915
19040000 298.103
19050000 298.077
19060000 297.756
19070000 297.905
19080000 297.853
19090000 298.049
19100000 298.192
19110000 298.201
19120000 297.881
19130000 297.817
19140000 297.555
19150000 297.754
19160000 298.546
19170000 298.112
19180000 297.849
19190000 297.666
19200000 298.027
19210000 297.907
19220000 298.56
19230000 297.929
19240000 297.843
19250000 297.921
19260000 297.794
19270000 297.864
19280000 298.465
19290000 297.395
19300000 298.023
19310000 298.084
19320000 297.567
19330000 298.141
19340000 297.854
19350000 298.126
19360000 298.42
19370000 297.883
19380000 298.026
19390000 298.022
19400000 298.222
19410000 297.805
19420000 297.473
19430000 297.542
19440000 297.757
19450000 297.56
19460000 297.899
19470000 297.899
19480000 297.721
19490000 298.246
19500000 297.666
19510000 297.861
19520000 298.229
19530000 298.159
19540000 298.047
19550000 297.834
19560000 298.449
19570000 297.738
19580000 297.694
19590000 297.759
19600000 298.411
19610000 298.141
19620000 298.351
19630000 298.254
19640000 297.586
19650000 298.719
19660000 297.985
19670000 297.913
19680000 298.187
19690000 297.422
19700000 297.913
19710000 297.808
19720000 298.382
19730000 298.191
19740000 297.866
19750000 297.509
19760000 298.182
19770000 297.774
19780000 298.106
19790000 297.797
19800000 298.324
19810000 298.653
19820000 297.982
19830000 297.883
19840000 298.018
19850000 297.587
19860000 298.148
19870000 297.374
19880000 298.162
19890000 298.027
19900000 298.31
19910000 298.239
19920000 297.67
19930000 297.947
19940000 298.195
19950000 298.708
19960000 298.029
19970000 297.585
19980000 297.924
19990000 297.67
20000000 298.193
20010000 298.008
20020000 298.227
20030000 298.027
20040000 298.136
20050000 298.253
20060000 297.651
20070000 298.085
20080000 297.632
20090000 297.905
20100000 298.435
20110000 298.017
20120000 298.111
20130000 297.212
20140000 297.395
20150000 298.09
20160000 297.858
20170000 298.247
20180000 297.903
20190000 297.975
20200000 297.425
20210000 297.992
20220000 298.068
20230000 298.168
20240000 298.038
20250000 298.162
20260000 297.991
20270000 298.205
20280000 298.193
20290000 297.649
20300000 298.175
20310000 298.656
20320000 298.01
20330000 297.577
20340000 298.026
20350000 297.139
20360000 297.871
20370000 298.489
20380000 298.421
20390000 297.956
20400000 297.861
20410000 298.362
20420000 297.816
20430000 298.559
20440000 297.774
20450000 297.766
20460000 297.974
20470000 297.828
20480000 297.55
20490000 297.757
20500000 297.888
20510000 297.982
20520000 297.634
20530000 298.276
20540000 298.151
20550000 297.856
20560000 298.059
20570000 297.953
20580000 298.366
20590000 297.805
20600000 298.246
20610000 297.807
20620000 298.249
20630000 298.145
20640000 298.024
20650000 298.19
20660000 298.209
20670000 298.114
20680000 298.317
20690000 297.9
20700000 297.933
20710000 298.245
20720000 297.717
20730000 297.9
20740000 297.627
20750000 297.967
20760000 298.017
20770000 298.361
20780000 298.339
20790000 298.13
20800000 297.932
20810000 298.194
20820000 297.684
20830000 298.22
20840000 297.82
20850000 297.439
20860000 297.863
20870000 298.167
20880000 297.751
20890000 298.505
20900000 297.887
20910000 298.201
20920000 297.9
20930000 298.023
20940000 297.937
20950000 296.775
20960000 297.412
20970000 297.873
20980000 297.628
20990000 297.758
21000000 298.47
21010000 297.962
21020000 297.695
21030000 297.629
21040000 297.73
21050000 298.025
21060000 298.063
21070000 297.687
21080000 298.096
21090000 297.967
21100000 298.587
21110000 298.187
21120000 297.676
21130000 297.73
21140000 298.515
21150000 298.25
21160000 298.234
21170000 297.959
21180000 298.237
21190000 297.565
21200000 298.209
21210000 297.728
21220000 298.402
21230000 298.47
21240000 297.745
21250000 297.51
21260000 298.116
21270000 297.609
21280000 298.021
21290000 298.58
21300000 297.529
21310000 297.955
21320000 298.626
21330000 297.834
21340000 298.382
21350000 297.84
21360000 297.892
21370000 297.723
21380000 298.098
21390000 298.181
21400000 298.199
21410000 297.57
21420000 298.179
21430000 298.239
21440000 298.094
21450000 298.097
21460000 298.253
21470000 297.996
21480000 298.054
21490000 298.315
21500000 297.758
21510000 298.185
21520000 297.89
21530000 298.315
21540000 297.823
21550000 297.789
21560000 297.784
21570000 298.453
21580000 298.431
21590000 298.286
21600000 298.03
21610000 297.749
21620000 298.404
21630000 297.99
21640000 297.995
21650000 297.869
21660000 297.938
21670000 298.372
21680000 297.998
21690000 298.057
21700000 297.444
21710000 298.175
21720000 297.872
21730000 297.883
21740000 298.027
21750000 298.469
21760000 297.903
21770000 298.025
21780000 297.945
21790000 297.899
21800000 298.464
21810000 297.898
21820000 297.767
21830000 298.138
21840000 298.171
21850000 297.942
21860000 297.85
21870000 297.876
21880000 297.753
21890000 297.877
21900000 298.076
21910000 298.314
21920000 297.982
21930000 298.396
21940000 298.018
21950000 298.196
21960000 298.461
21970000 297.988
21980000 297.688
21990000 298.091
22000000 297.693
22010000 297.791
22020000 297.921
22030000 298.175
22040000 298.177
22050000 297.662
22060000 297.659
22070000 297.972
22080000 298.114
22090000 298.034
22100000 298.724
22110000 298.177
22120000 298.087
22130000 298.084
22140000 298.326
22150000 297.355
22160000 297.977
22170000 297.738
22180000 298.515
22190000 298.132
22200000 297.66
22210000 297.955
22220000 298.194
22230000 297.765
22240000 298.021
22250000 297.83
22260000 297.787
22270000 297.969
22280000 297.864
22290000 298.344
22300000 297.842
22310000 297.957
22320000 297.531
22330000 297.849
22340000 297.927
22350000 297.626
22360000 298.444
22370000 298.183
22380000 298.323
22390000 297.846
22400000 298.051
22410000 297.984
22420000 297.99
22430000 298.128
22440000 297.947
22450000 297.388
22460000 298.24
22470000 297.612
22480000 297.904
22490000 297.948
22500000 298.224
22510000 297.721
22520000 297.79
22530000 298.415
22540000 298.196
22550000 298.127
22560000 297.942
22570000 298.485
22580000 298.043
22590000 297.888
22600000 298.663
22610000 297.885
22620000 297.49
22630000 297.905
22640000 298.115
22650000 297.824
22660000 297.475
22670000 298.137
22680000 298.387
22690000 297.815
22700000 297.92
22710000 297.762
22720000 298.508
22730000 297.841
22740000 297.736
22750000 298.286
22760000 298.067
22770000 298.135
22780000 297.354
22790000 298.461
22800000 298.18
22810000 297.829
22820000 297.837
22830000 297.844
22840000 298.256
22850000 298.115
22860000 297.928
22870000 297.934
22880000 297.69
22890000 298.205
22900000 297.907
22910000 298.486
22920000 298.067
22930000 298.144
22940000 298.085
22950000 298.205
22960000 298.045
22970000 297.668
22980000 297.779
22990000 297.898
23000000 298.022
23010000 297.809
23020000 297.766
23030000 298.085
23040000 298.089
23050000 298.152
23060000 297.707
23070000 298.193
23080000 298.111
23090000 298.68
23100000 297.727
23110000 297.67
23120000 298.183
23130000 297.906
23140000 297.947
23150000 298.13
23160000 297.864
23170000 297.887
23180000 297.312
23190000 297.514
23200000 297.576
23210000 297.89
23220000 297.708
23230000 298.288
23240000 297.888
23250000 298.423
23260000 298.145
23270000 297.923
23280000 297.701
23290000 298.652
23300000 298.136
23310000 297.186
23320000 298.24
23330000 298.294
23340000 297.953
23350000 298.108
23360000 297.783
23370000 298.193
23380000 298.178
23390000 298.148
23400000 298.117
23410000 297.741
23420000 298.467
23430000 298.36
23440000 298.31
23450000 297.575
23460000 298.28
23470000 298.119
23480000 298.353
23490000 297.95
23500000 297.996
23510000 298.435
23520000 297.769
23530000 298.094
23540000 298.052
23550000 298.016
23560000 298.15
23570000 297.959
23580000 298.372
23590000 297.995
23600000 298.353
23610000 298.323
23620000 298.128
23630000 297.905
23640000 297.998
23650000 298.546
23660000 297.702
23670000 297.636
23680000 298.306
23690000 297.529
23700000 298.343
23710000 298.334
23720000 297.845
23730000 298.023
23740000 298.247
23750000 297.783
23760000 297.973
23770000 298.124
23780000 297.932
23790000 298.526
23800000 298.055
23810000 298.018
23820000 298.322
23830000 297.624
23840000 297.793
23850000 298.29
23860000 298.479
23870000 297.99
23880000 298.056
23890000 297.894
23900000 297.841
23910000 298.108
23920000 297.884
23930000 297.913
23940000 298.101
23950000 297.704
23960000 298.422
23970000 297.634
23980000 297.934
23990000 298.423
24000000 297.984
24010000 298.185
24020000 298.108
24030000 297.912
24040000 298.084
24050000 297.889
24060000 298.343
24070000 297.896
24080000 298.367
24090000 297.835
24100000 298.08
24110000 298.062
24120000 298.026
24130000 298.096
24140000 297.645
24150000 297.926
24160000 298.345
24170000 297.305
24180000 298.067
24190000 298.264
24200000 297.286
24210000 298.116
24220000 297.506
24230000 297.992
24240000 297.811
24250000 298.119
24260000 297.964
24270000 298.011
24280000 297.848
24290000 297.811
24300000 298.19
24310000 298.128
24320000 297.827
24330000 298.348
24340000 297.657
24350000 297.47
24360000 298.337
24370000 298.183
24380000 297.959
24390000 297.37
24400000 298.319
24410000 298.265
24420000 298.115
24430000 298.133
24440000 298.255
24450000 297.957
24460000 297.782
24470000 298.162
24480000 297.677
24490000 297.862
24500000 297.502
24510000 297.646
24520000 297.875
24530000 298.451
24540000 298.274
24550000 298.57
24560000 298.136
24570000 298.293
24580000 298.48
24590000 297.845
24600000 297.811
24610000 298.296
24620000 298.307
24630000 297.587
24640000 297.998
24650000 298.125
24660000 297.728
24670000 297.773
24680000 297.992
24690000 297.991
24700000 297.841
24710000 298.125
24720000 298.261
24730000 298.28
24740000 297.702
24750000 297.528
24760000 298.209
24770000 298.468
24780000 297.788
24790000 297.952
24800000 297.831
24810000 297.773
24820000 298.113
24830000 297.75
24840000 298.474
24850000 298.068
24860000 297.882
24870000 298.119
24880000 298.607
24890000 297.878
24900000 297.749
24910000 297.7
24920000 297.948
24930000 297.675
24940000 297.888
24950000 298.306
24960000 298.178
24970000 297.694
24980000 297.291
24990000 297.773
25000000 298.115
25010000 297.925
25020000 297.893
25030000 297.895
25040000 298.062
25050000 298.328
25060000 297.721
25070000 297.508
25080000 297.61
25090000 297.835
25100000 297.841
25110000 298.152
25120000 297.689
25130000 298.381
25140000 298.024
25150000 297.859
25160000 297.998
25170000 297.863
25180000 298.086
25190000 297.791
25200000 297.852
25210000 298.046
25220000 298.048
25230000 298.364
25240000 298.211
25250000 297.804
25260000 297.782
25270000 297.711
25280000 298.119
25290000 298.204
25300000 297.395
25310000 298.105
25320000 298.419
25330000 298.69
25340000 297.829
25350000 298.038
25360000 298.098
25370000 297.494
25380000 298.421
25390000 297.846
25400000 298.185
25410000 298.228
25420000 298.605
25430000 298.491
25440000 298.09
25450000 298.196
25460000 298.265
25470000 297.739
25480000 298.165
25490000 297.708
25500000 297.97
25510000 298.531
25520000 297.891
25530000 297.976
25540000 297.791
25550000 297.925
25560000 298.112
25570000 297.861
25580000 297.996
25590000 297.925
25600000 297.834
25610000 298.059
25620000 297.814
25630000 298.045
25640000 298.325
25650000 297.522
25660000 298.286
25670000 298.402
25680000 297.484
25690000 298.067
25700000 298.041
25710000 298.194
25720000 297.397
25730000 297.753
25740000 297.632
25750000 298.131
25760000 298.239
25770000 297.682
25780000 297.959
25790000 298.048
25800000 298.246
25810000 297.963
25820000 297.871
25830000 298.119
25840000 297.991
25850000 298.182
25860000 297.943
25870000 298.129
25880000 297.846
25890000 298.165
25900000 298.072
25910000 297.912
25920000 298.192
25930000 297.943
25940000 297.838
25950000 298.381
25960000 298.006
25970000 298.377
25980000 297.613
25990000 297.673
26000000 297.895
26010000 297.546
26020000 298.196
26030000 298.058
26040000 298.21
26050000 298.396
26060000 298.21
26070000 297.82
26080000 298.096
26090000 297.313
26100000 298.127
26110000 298.008
26120000 298.057
26130000 297.919
26140000 298.011
26150000 298.047
26160000 298.207
26170000 298.169
26180000 298.236
26190000 297.799
26200000 298.265
26210000 297.847
26220000 298.043
26230000 297.35
26240000 298.073
26250000 298.148
26260000 298.167
26270000 298.112
26280000 297.515
26290000 297.928
26300000 297.747
26310000 297.432
26320000 298.564
26330000 298.039
26340000 297.411
26350000 298.146
26360000 298.593
26370000 298.683
26380000 298.114
26390000 298.097
26400000 297.912
26410000 297.796
26420000 297.849
26430000 297.626
26440000 298.111
26450000 298.622
26460000 297.517
26470000 298.051
26480000 297.842
26490000 297.625
26500000 297.809
26510000 298.35
26520000 298.439
26530000 297.749
26540000 298.641
26550000 298.435
26560000 298.145
26570000 298.436
26580000 297.519
26590000 297.943
26600000 297.807
26610000 297.795
26620000 298.175
26630000 297.989
26640000 298.325
26650000 297.705
26660000 297.836
26670000 297.416
26680000 298.291
26690000 297.281
26700000 298.018
26710000 297.956
26720000 298.297
26730000 298.289
26740000 298.141
26750000 297.568
26760000 298.108
26770000 297.868
26780000 297.917
26790000 297.638
26800000 298.056
26810000 298.198
26820000 297.608
26830000 298.164
26840000 297.407
26850000 297.596
26860000 298.746
26870000 298.086
26880000 297.903
26890000 298.313
26900000 297.931
26910000 297.611
26920000 298.087
26930000 297.728
26940000 297.888
26950000 298.496
26960000 297.891
26970000 298.173
26980000 297.54
26990000 297.67
27000000 297.955
27010000 297.462
27020000 298.182
27030000 297.727
27040000 298.008
27050000 298.039
27060000 297.675
27070000 298.007
27080000 297.781
27090000 298.526
27100000 297.977
27110000 298.12
27120000 297.832
27130000 298.107
27140000 298.175
27150000 298.112
27160000 297.731
27170000 297.937
27180000 298.161
27190000 298.158
27200000 297.815
27210000 297.811
27220000 297.957
27230000 297.945
27240000 297.922
27250000 297.971
27260000 298.411
27270000 297.532
27280000 297.84
27290000 297.981
27300000 297.999
27310000 298.024
27320000 298.123
27330000 298.659
27340000 297.388
27350000 298.005
27360000 298.308
27370000 297.5
27380000 298.367
27390000 298.153
27400000 297.714
27410000 297.98
27420000 298.072
27430000 297.53
27440000 297.911
27450000 297.909
27460000 297.262
27470000 298.157
27480000 297.903
27490000 298.216
27500000 298.267
27510000 297.944
27520000 298.108
27530000 298.603
27540000 298.243
27550000 298.043
27560000 298.173
27570000 298.001
27580000 298.289
27590000 297.618
27600000 298.409
27610000 297.936
27620000 298.666
27630000 297.817
27640000 297.528
27650000 297.681
27660000 298.036
27670000 297.759
27680000 298.033
27690000 298.094
27700000 297.929
27710000 298.02
27720000 297.789
27730000 297.991
27740000 297.848
27750000 297.841
27760000 298.028
27770000 298.292
27780000 297.911
27790000 297.812
27800000 298.014
27810000 297.966
27820000 297.464
27830000 297.98
27840000 298.375
27850000 297.853
27860000 297.855
27870000 298.423
27880000 298.219
27890000 297.558
27900000 297.732
27910000 298.025
27920000 297.838
27930000 297.768
27940000 298.385
27950000 298.293
27960000 298.003
27970000 298.271
27980000 297.934
27990000 298.109
28000000 297.908
28010000 298.141
28020000 297.89
28030000 297.87
28040000 297.649
28050000 297.941
28060000 298.32
28070000 297.726
28080000 298.1
28090000 298.271
28100000 297.582
28110000 298.082
28120000 298.407
28130000 297.971
28140000 298.476
28150000 298.414
28160000 298.009
28170000 298
28180000 297.902
28190000 297.923
28200000 298.423
28210000 298.084
28220000 297.865
28230000 298.458
28240000 298.15
28250000 298.058
28260000 298.318
28270000 297.928
28280000 297.669
28290000 298.127
28300000 298.479
28310000 298.292
28320000 298.404
28330000 297.922
28340000 298.503
28350000 298.124
28360000 298.513
28370000 297.771
28380000 298.636
28390000 297.883
28400000 297.983
28410000 298.171
28420000 297.719
28430000 298.087
28440000 298.224
28450000 298.205
28460000 298.468
28470000 297.653
28480000 298.014
28490000 297.811
28500000 298.263
28510000 297.659
28520000 297.879
28530000 297.738
28540000 297.961
28550000 298.353
28560000 297.86
28570000 297.588
28580000 297.708
28590000 297.857
28600000 297.96
28610000 298.197
28620000 298.107
28630000 297.733
28640000 297.632
28650000 297.918
28660000 297.778
28670000 298.138
28680000 297.904
28690000 297.534
28700000 298.367
28710000 297.969
28720000 298.305
28730000 297.835
28740000 297.712
28750000 298.247
28760000 298.409
28770000 298.105
28780000 298.286
28790000 297.89
28800000 297.885
28810000 298.439
28820000 297.48
28830000 297.905
28840000 298.517
28850000 298.294
28860000 297.424
28870000 298.686
28880000 297.527
28890000 298.043
28900000 297.489
28910000 298.144
28920000 297.682
28930000 298.059
28940000 297.719
28950000 297.891
28960000 298.426
28970000 297.865
28980000 298.07
28990000 297.827
29000000 298.148
29010000 297.69
29020000 298.513
29030000 298.057
29040000 297.571
29050000 297.879
29060000 298.309
29070000 298.016
29080000 298.337
29090000 298.051
29100000 298.053
29110000 297.808
29120000 298.019
29130000 297.855
29140000 297.984
29150000 297.914
29160000 298.281
29170000 297.538
29180000 298.187
29190000 297.9
29200000 297.667
29210000 297.883
29220000 298.122
29230000 298.231
29240000 298.377
29250000 298.156
29260000 298.088
29270000 297.731
29280000 297.516
29290000 298.201
29300000 298.447
29310000 298.145
29320000 297.997
29330000 297.411
29340000 298.071
29350000 298.267
29360000 298.035
29370000 298.429
29380000 297.776
29390000 298.017
29400000 298.292
29410000 298.185
29420000 297.715
29430000 298.223
29440000 298.542
29450000 297.864
29460000 298.242
29470000 298.149
29480000 297.893
29490000 298.397
29500000 298.373
29510000 297.794
29520000 298.376
29530000 298.501
29540000 297.599
29550000 297.974
29560000 298.126
29570000 297.734
29580000 297.831
29590000 297.654
29600000 298.178
29610000 298.231
29620000 298.528
29630000 297.797
29640000 297.773
29650000 298.339
29660000 297.86
29670000 297.85
29680000 297.645
29690000 297.651
29700000 298.069
29710000 298.018
29720000 297.593
29730000 297.686
29740000 297.463
29750000 298.41
29760000 298.514
29770000 298.169
29780000 298.141
29790000 298.25
29800000 297.632
29810000 298.202
29820000 297.323
29830000 297.808
29840000 297.493
29850000 297.994
29860000 297.986
29870000 297.836
29880000 298.107
29890000 297.85
29900000 297.735
29910000 297.974
29920000 297.837
29930000 297.804
29940000 297.769
29950000 297.781
29960000 298.321
29970000 297.655
29980000 298.119
29990000 298.033
30000000 297.98
30010000 297.849
30020000 297.758
30030000 298.021
30040000 297.99
30050000 297.635
30060000 298.303
30070000 298.132
30080000 298.212
30090000 297.498
30100000 298.187
30110000 298.116
30120000 298.182
30130000 297.995
30140000 297.915
30150000 297.952
30160000 297.898
30170000 298.078
30180000 298.023
30190000 298.282
30200000 298.048
30210000 298.169
30220000 297.489
30230000 297.753
30240000 298.075
30250000 297.691
30260000 298.132
30270000 297.701
30280000 298.054
30290000 298.056
30300000 298.481
30310000 298.176
30320000 298.32
30330000 297.817
30340000 297.608
30350000 298.317
30360000 298.049
30370000 297.881
30380000 298.418
30390000 298.174
30400000 298.581
30410000 297.913
30420000 299.039
30430000 297.875
30440000 297.865
30450000 298.278
30460000 298.246
30470000 297.575
30480000 298.168
30490000 297.925
30500000 297.944
30510000 298.202
30520000 298.171
30530000 298.213
30540000 297.807
30550000 298.29
30560000 298.21
30570000 298.259
30580000 298.223
30590000 297.81
30600000 298.172
30610000 298.2
30620000 298.055
30630000 298.228
30640000 297.828
30650000 297.555
30660000 298.078
30670000 298.356
30680000 297.849
30690000 297.569
30700000 297.956
30710000 298.749
30720000 298
30730000 298.265
30740000 298.212
30750000 298.364
30760000 297.994
30770000 297.939
30780000 297.63
30790000 298.261
30800000 298.255
30810000 297.764
30820000 298.34
30830000 298.154
30840000 297.862
30850000 297.694
30860000 297.901
30870000 298.665
30880000 297.971
30890000 298.163
30900000 297.886
30910000 298.408
30920000 298.36
30930000 298.841
30940000 298.209
30950000 297.761
30960000 298.128
30970000 298.494
30980000 297.563
30990000 298.043
31000000 298.141
31010000 298.564
31020000 297.401
31030000 298.523
31040000 297.671
31050000 298.145
31060000 298.077
31070000 298.017
31080000 297.772
31090000 298.35
31100000 297.795
31110000 298.092
31120000 298.431
31130000 297.888
31140000 297.781
31150000 297.863
31160000 298.016
31170000 297.535
31180000 298.101
31190000 298.352
31200000 297.967
31210000 298.519
31220000 298.253
31230000 297.795
31240000 298.219
31250000 298.286
31260000 297.882
31270000 298.507
31280000 298.047
31290000 297.76
31300000 298.049
31310000 297.525
31320000 297.778
31330000 298.085
31340000 298.178
31350000 298.241
31360000 297.621
31370000 298.263
31380000 298.429
31390000 298.269
31400000 298.071
31410000 297.668
31420000 298.197
31430000 297.78
31440000 298.173
31450000 298.189
31460000 297.891
31470000 297.765
31480000 298.21
31490000 297.315
31500000 298.06
31510000 297.764
31520000 297.868
31530000 297.484
31540000 298.215
31550000 297.66
31560000 297.77
31570000 297.782
31580000 298.171
31590000 298.087
31600000 298.349
31610000 297.871
31620000 297.923
31630000 298.042
31640000 298.168
31650000 298.156
31660000 297.81
31670000 298.066
31680000 298.219
31690000 298.187
31700000 298.595
31710000 298.163
31720000 298.191
31730000 298.134
31740000 298.137
31750000 297.512
31760000 298.286
31770000 298.591
31780000 297.808
31790000 297.583
31800000 298.171
31810000 298.072
31820000 298.044
31830000 297.441
31840000 297.978
31850000 298.146
31860000 298.078
31870000 297.553
31880000 297.926
31890000 297.779
31900000 298.039
31910000 297.741
31920000 297.692
31930000 298.046
31940000 298.174
31950000 298.738
31960000 298.304
31970000 298.437
31980000 297.811
31990000 298.135
32000000 298.211
32010000 298.453
32020000 297.966
32030000 297.983
32040000 298.173
32050000 297.604
32060000 298.081
32070000 297.97
32080000 298.224
32090000 297.292
32100000 297.643
32110000 297.92
32120000 298.115
32130000 298.213
32140000 298.002
32150000 297.71
32160000 298.211
32170000 298.408
32180000 298.293
32190000 297.792
32200000 297.92
32210000 298.005
32220000 297.267
32230000 297.827
32240000 298.148
32250000 297.92
32260000 298.059
32270000 298.113
32280000 298.644
32290000 297.878
32300000 297.975
32310000 297.865
32320000 297.93
32330000 297.778
32340000 297.573
32350000 297.607
32360000 297.853
32370000 297.799
32380000 297.828
32390000 297.808
32400000 297.701
32410000 298.151
32420000 298.34
32430000 298.203
32440000 297.674
32450000 298.255
32460000 298.122
32470000 297.746
32480000 298.28
32490000 297.974
32500000 298.06
32510000 298.192
32520000 297.978
32530000 298.076
32540000 297.947
32550000 298.147
32560000 298.011
32570000 297.681
32580000 298.542
32590000 297.872
32600000 298.432
32610000 297.605
32620000 297.914
32630000 298.275
32640000 297.706
32650000 297.989
32660000 298.098
32670000 298.569
32680000 298.42
32690000 297.852
32700000 297.977
32710000 298.584
32720000 297.625
32730000 297.947
32740000 297.841
32750000 298.131
32760000 297.996
32770000 297.665
32780000 298.082
32790000 298.262
32800000 298.156
32810000 297.974
32820000 297.863
32830000 298.155
32840000 298.534
32850000 298.796
32860000 297.967
32870000 298.187
32880000 297.978
32890000 297.885
32900000 298.48
32910000 298.083
32920000 298.303
32930000 297.692
32940000 298.237
32950000 297.863
32960000 297.791
32970000 298.773
32980000 298.079
32990000 298.165
33000000 297.596
33010000 297.949
33020000 298.319
33030000 298.544
33040000 297.754
33050000 298.195
33060000 297.993
33070000 298.122
33080000 298.027
33090000 297.743
33100000 297.851
33110000 297.982
33120000 297.87
33130000 298.188
33140000 297.908
33150000 297.615
33160000 297.835
33170000 297.759
33180000 297.535
33190000 298.07
33200000 297.817
33210000 297.388
33220000 297.991
33230000 298.256
33240000 298.319
33250000 298.302
33260000 298.031
33270000 297.727
33280000 298.42
33290000 297.705
33300000 298.353
33310000 297.699
33320000 297.934
33330000 298.078
33340000 298.259
33350000 298.123
33360000 298.385
33370000 298.444
33380000 297.799
33390000 297.999
33400000 298.032
33410000 297.821
33420000 297.85
33430000 298.447
33440000 297.88
33450000 298.089
33460000 297.728
33470000 298.187
33480000 297.705
33490000 297.828
33500000 298.272
33510000 297.722
33520000 298.226
33530000 297.992
33540000 297.603
33550000 298.093
33560000 298.057
33570000 297.819
33580000 297.667
33590000 297.842
33600000 297.98
33610000 298.285
33620000 297.698
33630000 298.185
33640000 297.693
33650000 297.7
33660000 298.055
33670000 297.959
33680000 297.758
33690000 297.937
33700000 297.993
33710000 298.131
33720000 297.901
33730000 298.362
33740000 297.939
33750000 297.903
33760000 298.38
33770000 297.911
33780000 298.128
33790000 298.169
33800000 297.676
33810000 297.833
33820000 297.976
33830000 297.716
33840000 297.653
33850000 297.957
33860000 298.014
33870000 297.578
33880000 297.854
33890000 297.657
33900000 297.726
33910000 298.15
33920000 297.851
33930000 298.127
33940000 298.024
33950000 298.801
33960000 297.983
33970000 297.958
33980000 298.118
33990000 298.292
34000000 298.099
34010000 297.982
34020000 298.108
34030000 298.045
34040000 297.802
34050000 298.311
34060000 298.125
34070000 298.487
34080000 298.523
34090000 297.646
34100000 298.476
34110000 298.17
34120000 298.423
34130000 297.914
34140000 297.808
34150000 298.124
34160000 297.713
34170000 297.897
34180000 298.329
34190000 298.387
34200000 298.176
34210000 297.7
34220000 297.978
34230000 298.366
34240000 297.599
34250000 297.918
34260000 297.744
34270000 298.103
34280000 298.338
34290000 297.98
34300000 298.513
34310000 298.024
34320000 297.96
34330000 297.149
34340000 298.222
34350000 298.449
34360000 298.143
34370000 297.505
34380000 298.146
34390000 298.478
34400000 297.848
34410000 298.083
34420000 298.027
34430000 298.405
34440000 298.086
34450000 297.915
34460000 297.559
34470000 298.044
34480000 298.401
34490000 297.622
34500000 297.851
34510000 298.4
34520000 297.946
34530000 297.881
34540000 298.102
34550000 298.317
34560000 298.283
34570000 297.847
34580000 298.215
34590000 298.347
34600000 298.662
34610000 298.177
34620000 298.29
34630000 297.894
34640000 298.385
34650000 297.879
34660000 298.331
34670000 297.833
34680000 298.285
34690000 298.007
34700000 297.881
34710000 297.937
34720000 298.337
34730000 297.578
34740000 297.823
34750000 298.049
34760000 298.296
34770000 297.851
34780000 298.648
34790000 297.877
34800000 297.859
34810000 297.924
34820000 297.678
34830000 297.778
34840000 298.117
34850000 298.084
34860000 298.331
34870000 298.143
34880000 297.771
34890000 298.081
34900000 297.967
34910000 297.867
34920000 298.192
34930000 297.783
34940000 298.237
34950000 298.42
34960000 297.717
34970000 298.44
34980000 298.382
34990000 297.879
35000000 297.242
35010000 297.589
35020000 298.019
35030000 298.31
35040000 297.977
35050000 298.452
35060000 298.343
35070000 297.849
35080000 297.636
35090000 298.026
35100000 297.669
35110000 298.156
35120000 298.369
35130000 297.645
35140000 297.95
35150000 297.861
35160000 297.95
35170000 298.055
35180000 298.144
35190000 298.421
35200000 298.259
35210000 297.822
35220000 298.14
35230000 298.182
35240000 297.862
35250000 297.937
35260000 297.852
35270000 298.073
35280000 298.352
35290000 297.878
35300000 297.954
35310000 298.162
35320000 298.2
35330000 298.056
35340000 297.664
35350000 297.58
35360000 297.843
35370000 297.966
35380000 298.161
35390000 298.096
35400000 297.834
35410000 297.698
35420000 298.25
35430000 297.597
35440000 298.212
35450000 298.115
35460000 297.985
35470000 297.738
35480000 298.028
35490000 298.116
35500000 298.221
35510000 298.313
35520000 298.271
35530000 297.965
35540000 298.155
35550000 298.754
35560000 298.243
35570000 297.831
35580000 297.685
35590000 297.916
35600000 298.194
35610000 297.913
35620000 298.091
35630000 298.263
35640000 298.069
35650000 298.017
35660000 298.107
35670000 298.152
35680000 297.836
35690000 297.683
35700000 297.921
35710000 298.063
35720000 297.883
35730000 298.069
35740000 297.579
35750000 297.655
35760000 297.794
35770000 297.865
35780000 297.861
35790000 298.413
35800000 297.879
35810000 298.535
35820000 297.558
35830000 298.028
35840000 298.216
35850000 297.719
35860000 298.173
35870000 298.377
35880000 298.15
35890000 298.358
35900000 297.729
35910000 297.869
35920000 298.134
35930000 298.309
35940000 298.177
35950000 298.187
35960000 298.216
35970000 298.225
35980000 298.264
35990000 297.866
36000000 298.178
36010000 298.475
36020000 298.48
36030000 298.497
36040000 297.903
36050000 298.045
36060000 298.247
36070000 297.967
36080000 297.783
36090000 297.962
36100000 298.114
36110000 298.369
36120000 297.734
36130000 298.268
36140000 297.727
36150000 297.908
36160000 297.877
36170000 298.107
36180000 297.926
36190000 297.768
36200000 298.375
36210000 297.896
36220000 297.779
36230000 297.924
36240000 298.207
36250000 297.656
36260000 298.052
36270000 297.832
36280000 297.97
36290000 298.078
36300000 298.224
36310000 298.211
36320000 297.903
36330000 297.585
36340000 298.109
36350000 298.366
36360000 297.931
36370000 298.222
36380000 298.28
36390000 297.683
36400000 297.37
36410000 297.926
36420000 298.224
36430000 298.366
36440000 298.172
36450000 298.082
36460000 297.876
36470000 297.979
36480000 298.093
36490000 298.071
36500000 298.24
36510000 298.293
36520000 298.086
36530000 297.874
36540000 298.45
36550000 298.081
36560000 298
36570000 298.008
36580000 297.883
36590000 298.33
36600000 298.29
36610000 298.246
36620000 297.886
36630000 297.605
36640000 297.891
36650000 297.533
36660000 298.273
36670000 298.31
36680000 297.63
36690000 298.059
36700000 297.977
36710000 298.222
36720000 298.219
36730000 298.067
36740000 297.558
36750000 297.962
36760000 297.979
36770000 297.609
36780000 298.406
36790000 297.961
36800000 297.808
36810000 298.045
36820000 298.241
36830000 298.013
36840000 298.301
36850000 297.799
36860000 298.153
36870000 297.643
36880000 298.513
36890000 298.185
36900000 297.707
36910000 298.272
36920000 297.264
36930000 297.865
36940000 298.005
36950000 298.253
36960000 297.45
36970000 297.42
36980000 298.046
36990000 297.713
37000000 298.044
37010000 297.884
37020000 297.377
37030000 297.988
37040000 297.57
37050000 298.082
37060000 297.766
37070000 298.13
37080000 297.876
37090000 297.852
37100000 297.73
37110000 298.605
37120000 297.726
37130000 297.814
37140000 297.461
37150000 298.448
37160000 297.577
37170000 297.61
37180000 297.718
37190000 297.295
37200000 298.252
37210000 298.026
37220000 297.54
37230000 298.122
37240000 298.189
37250000 298.063
37260000 298.347
37270000 297.697
37280000 298.037
37290000 297.922
37300000 297.764
37310000 298.274
37320000 298.084
37330000 297.868
37340000 298.162
37350000 297.817
37360000 297.755
37370000 297.663
37380000 298.52
37390000 297.881
37400000 297.395
37410000 297.817
37420000 298.631
37430000 298.336
37440000 297.767
37450000 297.981
37460000 297.862
37470000 298.201
37480000 298.369
37490000 298.13
37500000 297.725
37510000 297.866
37520000 297.513
37530000 297.692
37540000 298.045
37550000 298.006
37560000 297.716
37570000 297.755
37580000 298.441
37590000 297.424
37600000 297.69
37610000 298.139
37620000 297.677
37630000 297.974
37640000 298.179
37650000 297.796
37660000 298.161
37670000 298.096
37680000 298.573
37690000 298.095
37700000 298.273
37710000 298.144
37720000 297.818
37730000 298.22
37740000 298.228
37750000 297.644
37760000 298.038
37770000 298.068
37780000 297.712
37790000 298.38
37800000 298.443
37810000 297.904
37820000 297.763
37830000 297.747
37840000 298.275
37850000 298.101
37860000 297.913
37870000 298.748
37880000 297.849
37890000 297.797
37900000 297.947
37910000 297.82
37920000 297.88
37930000 297.786
37940000 297.982
37950000 297.852
37960000 297.592
37970000 297.783
37980000 298.077
37990000 297.638
38000000 298.029
38010000 297.966
38020000 297.549
38030000 297.999
38040000 298.006
38050000 297.394
38060000 298.146
38070000 298.493
38080000 297.966
38090000 298.45
38100000 298.059
38110000 297.93
38120000 297.906
38130000 298.245
38140000 297.607
38150000 298.165
38160000 297.745
38170000 298.174
38180000 298.242
38190000 297.727
38200000 298.402
38210000 297.733
38220000 297.501
38230000 298.484
38240000 297.883
38250000 298.296
38260000 298.28
38270000 297.544
38280000 297.978
38290000 298.045
38300000 298.392
38310000 298.09
38320000 298.129
38330000 298.048
38340000 298.281
38350000 298.142
38360000 298.321
38370000 297.987
38380000 297.658
38390000 297.727
38400000 297.91
38410000 298.146
38420000 298.11
38430000 297.907
38440000 297.685
38450000 298.161
38460000 298.365
38470000 297.827
38480000 298.24
38490000 298.019
38500000 297.93
38510000 298.196
38520000 297.834
38530000 297.714
38540000 298.051
38550000 297.952
38560000 297.984
38570000 298.033
38580000 297.933
38590000 297.802
38600000 297.165
38610000 298.379
38620000 297.933
38630000 297.899
38640000 297.83
38650000 297.87
38660000 298.018
38670000 298.158
38680000 298.051
38690000 297.964
38700000 298.134
38710000 297.614
38720000 297.462
38730000 297.847
38740000 297.742
38750000 298.123
38760000 297.701
38770000 298.173
38780000 297.897
38790000 298.05
38800000 297.822
38810000 298.012
38820000 298.082
38830000 298.378
38840000 297.491
38850000 298.517
38860000 297.624
38870000 297.551
38880000 297.594
38890000 297.652
38900000 297.861
38910000 298.113
38920000 297.794
38930000 298.05
38940000 297.744
38950000 298.179
38960000 297.894
38970000 298.085
38980000 297.595
38990000 298.292
39000000 298.445
39010000 298.23
39020000 297.986
39030000 297.717
39040000 298.751
39050000 298.461
39060000 297.603
39070000 297.912
39080000 297.944
39090000 297.978
39100000 297.884
39110000 298.156
39120000 298.137
39130000 298.554
39140000 298.308
39150000 298.295
39160000 297.318
39170000 297.704
39180000 297.946
39190000 298.244
39200000 297.933
39210000 297.433
39220000 297.858
39230000 297.689
39240000 298.14
39250000 298.268
39260000 298.218
39270000 297.341
39280000 298.073
39290000 298.07
39300000 297.861
39310000 298.144
39320000 298.334
39330000 298.118
39340000 297.842
39350000 298.088
39360000 297.585
39370000 297.776
39380000 298.019
39390000 297.881
39400000 297.543
39410000 297.909
39420000 297.356
39430000 298.105
39440000 297.43
39450000 298.237
39460000 297.882
39470000 297.494
39480000 298.09
39490000 298.066
39500000 298.116
39510000 298.389
39520000 298.058
39530000 298.223
39540000 298.237
39550000 298.191
39560000 297.829
39570000 297.78
39580000 298.222
39590000 298.477
39600000 297.933
39610000 297.846
39620000 297.758
39630000 298.184
39640000 297.652
39650000 298.418
39660000 298.104
39670000 297.976
39680000 298.234
39690000 297.632
39700000 298.228
39710000 298.237
39720000 297.698
39730000 298.014
39740000 298.126
39750000 297.814
39760000 298.038
39770000 297.264
39780000 298.315
39790000 298.07
39800000 297.76
39810000 298.283
39820000 297.872
39830000 297.573
39840000 298.283
39850000 297.836
39860000 298.231
39870000 298.188
39880000 297.632
39890000 297.768
39900000 297.665
39910000 298.103
39920000 298.022
39930000 297.351
39940000 298.109
39950000 298.009
39960000 298.03
39970000 298.05
39980000 298.056
39990000 297.636
40000000 298.132
40010000 298.02
40020000 297.492
40030000 298.16
40040000 297.557
40050000 298.154
40060000 297.527
40070000 297.883
40080000 297.903
40090000 297.892
40100000 297.706
40110000 297.793
40120000 298.395
40130000 298.331
40140000 298.299
40150000 297.851
40160000 297.998
40170000 298.315
40180000 297.779
40190000 297.842
40200000 298.233
40210000 298.064
40220000 297.961
40230000 297.963
40240000 297.757
40250000 298.561
40260000 297.623
40270000 297.987
40280000 297.573
40290000 298.234
40300000 298.301
40310000 297.903
40320000 298.038
40330000 298.23
40340000 298.166
40350000 298.385
40360000 298.235
40370000 298.118
40380000 297.491
40390000 298.317
40400000 297.853
40410000 298.078
40420000 298.404
40430000 298.293
40440000 297.917
40450000 298.389
40460000 297.472
40470000 297.456
40480000 298.365
40490000 298.06
40500000 297.908
40510000 297.805
40520000 297.841
40530000 298.159
40540000 298.327
40550000 298.15
40560000 297.7
40570000 297.875
40580000 297.936
40590000 297.675
40600000 298.107
40610000 298.168
40620000 297.832
40630000 298.139
40640000 298.014
40650000 298.253
40660000 297.905
40670000 298.532
40680000 298.058
40690000 298.2
40700000 297.709
40710000 297.915
40720000 297.96
40730000 298.005
40740000 298.638
40750000 297.743
40760000 298.128
40770000 298.302
40780000 297.903
40790000 298.071
40800000 298.214
40810000 298.129
40820000 298.384
40830000 298.041
40840000 297.509
40850000 297.831
40860000 298.591
40870000 298.459
40880000 298.278
40890000 297.779
40900000 297.972
40910000 298.067
40920000 298.264
40930000 297.696
40940000 298.065
40950000 298.363
40960000 298.511
40970000 297.933
40980000 298.104
40990000 297.546
41000000 298.205
41010000 298.03
41020000 298.066
41030000 298.023
41040000 298.323
41050000 298.323
41060000 297.477
41070000 297.857
41080000 297.907
41090000 297.98
41100000 297.754
41110000 298.559
41120000 297.975
41130000 297.928
41140000 297.862
41150000 297.519
41160000 298.142
41170000 297.792
41180000 297.907
41190000 297.814
41200000 297.754
41210000 297.822
41220000 298.24
41230000 297.9
41240000 297.335
41250000 297.859
41260000 298.272
41270000 298.34
41280000 297.704
41290000 298.063
41300000 298.163
41310000 297.688
41320000 297.704
41330000 298.098
41340000 297.866
41350000 297.906
41360000 298.485
41370000 298.354
41380000 298.105
41390000 297.457
41400000 298.06
41410000 298.077
41420000 297.944
41430000 298.401
41440000 298.125
41450000 297.884
41460000 298.147
41470000 298.167
41480000 297.914
41490000 298.02
41500000 297.982
41510000 297.823
41520000 297.893
41530000 298.469
41540000 298.068
41550000 297.643
41560000 298.035
41570000 298.431
41580000 297.6
41590000 298.3
41600000 297.758
41610000 297.787
41620000 297.838
41630000 297.891
