# Time-averaged data for fix TEAve
# TimeStep v_TotEn
10000 -11755
20000 -11797.6
30000 -11795.4
40000 -11767.4
50000 -11776.3
60000 -11770.1
70000 -11788.4
80000 -11764.5
90000 -11788
100000 -11773.9
110000 -11767.4
120000 -11786
130000 -11781.6
140000 -11757.9
150000 -11762.1
160000 -11796.7
170000 -11769.7
180000 -11793.4
190000 -11795.5
200000 -11765.8
210000 -11802.6
220000 -11787.8
230000 -11779.2
240000 -11784.6
250000 -11788.2
260000 -11780.5
270000 -11775.6
280000 -11785
290000 -11793.5
300000 -11796.4
310000 -11782.1
320000 -11791.6
330000 -11764.2
340000 -11788.6
350000 -11787.7
360000 -11790.1
370000 -11778.2
380000 -11785.2
390000 -11769.2
400000 -11777.2
410000 -11760.7
420000 -11811.4
430000 -11791.5
440000 -11797
450000 -11807
460000 -11796.2
470000 -11814
480000 -11800.2
490000 -11750.1
500000 -11778.8
510000 -11790.2
520000 -11805.6
530000 -11779.7
540000 -11770.6
550000 -11777.5
560000 -11779.1
570000 -11779.3
580000 -11799.9
590000 -11811.1
600000 -11773
610000 -11785
620000 -11795.6
630000 -11790.4
640000 -11793.8
650000 -11790.1
660000 -11779.9
670000 -11772.7
680000 -11774.8
690000 -11796
700000 -11765.7
710000 -11761.3
720000 -11777.5
730000 -11787.8
740000 -11808.9
750000 -11781.6
760000 -11795.3
770000 -11751.5
780000 -11786.1
790000 -11783.9
800000 -11803.4
810000 -11773.6
820000 -11774.2
830000 -11782.6
840000 -11780.1
850000 -11781.1
860000 -11778.2
870000 -11785.6
880000 -11747.6
890000 -11763.9
900000 -11774.8
910000 -11783.3
920000 -11795.1
930000 -11783.8
940000 -11789.9
950000 -11790.1
960000 -11786.5
970000 -11792.5
980000 -11798
990000 -11757
1000000 -11779.9
1010000 -11802.4
1020000 -11778.7
1030000 -11783.3
1040000 -11787
1050000 -11796.4
1060000 -11790.8
1070000 -11787.3
1080000 -11774.9
1090000 -11790.8
1100000 -11764.7
1110000 -11794.7
1120000 -11789.2
1130000 -11787.5
1140000 -11773.8
1150000 -11779.9
1160000 -11776.3
1170000 -11776.5
1180000 -11776.8
1190000 -11765.9
1200000 -11802.1
1210000 -11774.1
1220000 -11791.9
1230000 -11780.9
1240000 -11771.8
1250000 -11775.5
1260000 -11796.5
1270000 -11795
1280000 -11798.4
1290000 -11777
1300000 -11797.5
1310000 -11792.2
1320000 -11779
1330000 -11787.1
1340000 -11790.2
1350000 -11819.6
1360000 -11788.7
1370000 -11764.4
1380000 -11772.2
1390000 -11768.2
1400000 -11772.3
1410000 -11793.9
1420000 -11799
1430000 -11786.8
1440000 -11796
1450000 -11776.8
1460000 -11770.4
1470000 -11800.7
1480000 -11796.7
1490000 -11794.2
1500000 -11771.1
1510000 -11770.3
1520000 -11786.3
1530000 -11776.8
1540000 -11778.1
1550000 -11765.4
1560000 -11766.5
1570000 -11772
1580000 -11779.3
1590000 -11766.4
1600000 -11778.2
1610000 -11796
1620000 -11780.7
1630000 -11783.7
1640000 -11776.4
1650000 -11789.6
1660000 -11787.2
1670000 -11780.4
1680000 -11778.6
1690000 -11779.9
1700000 -11790.7
1710000 -11805.5
1720000 -11789.2
1730000 -11786.9
1740000 -11809.6
1750000 -11776.8
1760000 -11767
1770000 -11786.6
1780000 -11806.2
1790000 -11804.6
1800000 -11788.7
1810000 -11803
1820000 -11794.8
1830000 -11784
1840000 -11753.4
1850000 -11772.5
1860000 -11794.5
1870000 -11800.6
1880000 -11789.4
1890000 -11778.9
1900000 -11770
1910000 -11786.1
1920000 -11786.3
1930000 -11765.5
1940000 -11768.1
1950000 -11779.1
1960000 -11783.3
1970000 -11798.9
1980000 -11760.8
1990000 -11799.4
2000000 -11757.8
2010000 -11770.7
2020000 -11766.6
2030000 -11770.3
2040000 -11783.5
2050000 -11775.7
2060000 -11810.3
2070000 -11779.2
2080000 -11787.7
2090000 -11799.5
2100000 -11808.2
2110000 -11790.2
2120000 -11782.4
2130000 -11762.5
2140000 -11771.8
2150000 -11782.8
2160000 -11779.9
2170000 -11768.2
2180000 -11786.7
2190000 -11803.2
2200000 -11781
2210000 -11759.3
2220000 -11761.6
2230000 -11781.5
2240000 -11809.9
2250000 -11770.4
2260000 -11760.3
2270000 -11778.6
2280000 -11764.2
2290000 -11797.3
2300000 -11786.4
2310000 -11777.5
2320000 -11795.8
2330000 -11778.2
2340000 -11773.6
2350000 -11787.4
2360000 -11778.2
2370000 -11798.6
2380000 -11778.6
2390000 -11792.7
2400000 -11781.6
2410000 -11793.1
2420000 -11765.5
2430000 -11793.3
2440000 -11786.9
2450000 -11782.8
2460000 -11801.6
2470000 -11781.7
2480000 -11792.1
2490000 -11796
2500000 -11792.8
2510000 -11764.6
2520000 -11757.6
2530000 -11811.9
2540000 -11782.8
2550000 -11763.7
2560000 -11791.6
2570000 -11792.7
2580000 -11775.7
2590000 -11768.6
2600000 -11758.5
2610000 -11792.1
2620000 -11774
2630000 -11808.8
2640000 -11791.5
2650000 -11793.4
2660000 -11772.4
2670000 -11763.7
2680000 -11795.2
2690000 -11794.7
2700000 -11798.6
2710000 -11786
2720000 -11761.9
2730000 -11781.8
2740000 -11790.7
2750000 -11783.6
2760000 -11754
2770000 -11785.3
2780000 -11792.1
2790000 -11773.4
2800000 -11776.4
2810000 -11793.5
2820000 -11788.9
2830000 -11797.4
2840000 -11761
2850000 -11780.6
2860000 -11767.5
2870000 -11779.5
2880000 -11781.1
2890000 -11810.9
2900000 -11809.9
2910000 -11793.4
2920000 -11770.9
2930000 -11770
2940000 -11773.8
2950000 -11788.5
2960000 -11772.5
2970000 -11765
2980000 -11805.1
2990000 -11785.1
3000000 -11803.6
3010000 -11785.9
3020000 -11794.2
3030000 -11798.9
3040000 -11781.6
3050000 -11781.8
3060000 -11778.1
3070000 -11769.8
3080000 -11791.1
3090000 -11780.2
3100000 -11782
3110000 -11824.1
3120000 -11762.9
3130000 -11784.1
3140000 -11796
3150000 -11785.6
3160000 -11771.6
3170000 -11771.2
3180000 -11790.1
3190000 -11778.3
3200000 -11790
3210000 -11771.9
3220000 -11806.4
3230000 -11797
3240000 -11797.8
3250000 -11777.5
3260000 -11790.2
3270000 -11764.2
3280000 -11778.6
3290000 -11794.6
3300000 -11807.1
3310000 -11800.4
3320000 -11775
3330000 -11801.7
3340000 -11785
3350000 -11768.8
3360000 -11809.4
3370000 -11761.9
3380000 -11773.7
3390000 -11774.1
3400000 -11781.7
3410000 -11781.9
3420000 -11779.9
3430000 -11757.1
3440000 -11784.3
3450000 -11754.5
3460000 -11763.7
3470000 -11768.8
3480000 -11790.4
3490000 -11768.5
3500000 -11755.5
3510000 -11787
3520000 -11782.9
3530000 -11782.7
3540000 -11783.6
3550000 -11783.1
3560000 -11780
3570000 -11783.5
3580000 -11780.1
3590000 -11799.9
3600000 -11800.9
3610000 -11799.1
3620000 -11771.2
3630000 -11789.6
3640000 -11765.2
3650000 -11790.6
3660000 -11783.8
3670000 -11778
3680000 -11786.2
3690000 -11794.2
3700000 -11783.9
3710000 -11796.9
3720000 -11768.6
3730000 -11790.1
3740000 -11777.1
3750000 -11789.7
3760000 -11791.3
3770000 -11784.4
3780000 -11769.8
3790000 -11777.6
3800000 -11776
3810000 -11775.8
3820000 -11803.4
3830000 -11804.9
3840000 -11779.7
3850000 -11782
3860000 -11806.7
3870000 -11799.5
3880000 -11795
3890000 -11786.1
3900000 -11780.2
3910000 -11785.1
3920000 -11800.5
3930000 -11792
3940000 -11767.3
3950000 -11795.8
3960000 -11758.8
3970000 -11767.1
3980000 -11785.9
3990000 -11794.7
4000000 -11786.6
4010000 -11779.7
4020000 -11823.3
4030000 -11785.3
4040000 -11778.2
4050000 -11781
4060000 -11784.6
4070000 -11789.4
4080000 -11766.5
4090000 -11798
4100000 -11790.5
4110000 -11796.3
4120000 -11784.5
4130000 -11763.6
4140000 -11795.9
4150000 -11779.5
4160000 -11810.7
4170000 -11804.5
4180000 -11790.7
4190000 -11783.6
4200000 -11772.9
4210000 -11783.1
4220000 -11780.8
4230000 -11779.6
4240000 -11791.9
4250000 -11783.6
4260000 -11782.1
4270000 -11767.2
4280000 -11792.6
4290000 -11793.2
4300000 -11773.6
4310000 -11776.7
4320000 -11774.9
4330000 -11805.9
4340000 -11803.9
4350000 -11802.5
4360000 -11784.5
4370000 -11799
4380000 -11767.9
4390000 -11784.3
4400000 -11774.6
4410000 -11800.4
4420000 -11783.8
4430000 -11798.1
4440000 -11779.4
4450000 -11811.5
4460000 -11759.4
4470000 -11774.3
4480000 -11786.4
4490000 -11794.2
4500000 -11786
4510000 -11760.8
4520000 -11798.7
4530000 -11767.2
4540000 -11776.5
4550000 -11773.8
4560000 -11801
4570000 -11776.6
4580000 -11794.3
4590000 -11764.3
4600000 -11809.1
4610000 -11804.4
4620000 -11785.3
4630000 -11782.6
4640000 -11770.8
4650000 -11790.3
4660000 -11792
4670000 -11792.1
4680000 -11794.5
4690000 -11785.2
4700000 -11761.6
4710000 -11779.6
4720000 -11775.4
4730000 -11791.6
4740000 -11789.1
4750000 -11762.2
4760000 -11794.4
4770000 -11763.2
4780000 -11760.9
4790000 -11759.6
4800000 -11805
4810000 -11798.9
4820000 -11794.5
4830000 -11773
4840000 -11792.4
4850000 -11782.7
4860000 -11794.1
4870000 -11783
4880000 -11803.7
4890000 -11809.2
4900000 -11798.7
4910000 -11778.2
4920000 -11773.3
4930000 -11768
4940000 -11791.8
4950000 -11779.8
4960000 -11760.9
4970000 -11785.6
4980000 -11785.3
4990000 -11763.4
5000000 -11792.8
5010000 -11797
5020000 -11790.4
5030000 -11765.7
5040000 -11802.8
5050000 -11783.2
5060000 -11790.3
5070000 -11793.8
5080000 -11768
5090000 -11785.6
5100000 -11777.3
5110000 -11777.6
5120000 -11785.2
5130000 -11784.8
5140000 -11796.1
5150000 -11795.8
5160000 -11780.2
5170000 -11778
5180000 -11770
5190000 -11793.6
5200000 -11775.1
5210000 -11775.1
5220000 -11788.8
5230000 -11790.7
5240000 -11768.4
5250000 -11777.1
5260000 -11795.8
5270000 -11799.2
5280000 -11798.3
5290000 -11804.7
5300000 -11778.9
5310000 -11787
5320000 -11805.7
5330000 -11803.1
5340000 -11793.7
5350000 -11783.6
5360000 -11786.1
5370000 -11774.4
5380000 -11793.3
5390000 -11783.5
5400000 -11783.1
5410000 -11796.8
5420000 -11765.5
5430000 -11803.3
5440000 -11786.5
5450000 -11797.2
5460000 -11785.3
5470000 -11796.8
5480000 -11797.2
5490000 -11796
5500000 -11787.2
5510000 -11770.2
5520000 -11789.7
5530000 -11757.6
5540000 -11789.5
5550000 -11772
5560000 -11773.5
5570000 -11779.1
5580000 -11787.7
5590000 -11815.7
5600000 -11780.2
5610000 -11784.3
5620000 -11766.1
5630000 -11793.3
5640000 -11767.2
5650000 -11770.6
5660000 -11785.6
5670000 -11786.3
5680000 -11797.6
5690000 -11786.2
5700000 -11766.2
5710000 -11791
5720000 -11795.1
5730000 -11788.4
5740000 -11779.2
5750000 -11781
5760000 -11799.8
5770000 -11786.9
5780000 -11777.4
5790000 -11767.3
5800000 -11802.3
5810000 -11776.3
5820000 -11786.6
5830000 -11786.5
5840000 -11779.1
5850000 -11779.9
5860000 -11782.6
5870000 -11785.1
5880000 -11788.5
5890000 -11802
5900000 -11807.5
5910000 -11794.3
5920000 -11766.3
5930000 -11787.6
5940000 -11779.7
5950000 -11776.5
5960000 -11808.8
5970000 -11789.7
5980000 -11801.9
5990000 -11791.9
6000000 -11779.8
6010000 -11791.5
6020000 -11791
6030000 -11792.4
6040000 -11783
6050000 -11796.3
6060000 -11775.4
6070000 -11796.4
6080000 -11782.5
6090000 -11794.8
6100000 -11780.4
6110000 -11783.9
6120000 -11792.6
6130000 -11775.7
6140000 -11774.9
6150000 -11805.4
6160000 -11777.5
6170000 -11802.5
6180000 -11785.8
6190000 -11789.3
6200000 -11784.1
6210000 -11790.4
6220000 -11788.9
6230000 -11769.5
6240000 -11792
6250000 -11777.5
6260000 -11790.6
6270000 -11763.3
6280000 -11756.9
6290000 -11793.3
6300000 -11768
6310000 -11791.6
6320000 -11765.3
6330000 -11800.8
6340000 -11811.7
6350000 -11812.6
6360000 -11780.5
6370000 -11778.4
6380000 -11785.2
6390000 -11799.6
6400000 -11792.3
6410000 -11791
6420000 -11789.6
6430000 -11769.1
6440000 -11766.8
6450000 -11779.5
6460000 -11778.7
6470000 -11775.5
6480000 -11785.4
6490000 -11778.2
6500000 -11779.3
6510000 -11799.7
6520000 -11773.5
6530000 -11773.7
6540000 -11776
6550000 -11800.4
6560000 -11765
6570000 -11769.2
6580000 -11784
6590000 -11788.3
6600000 -11774.5
6610000 -11781.8
6620000 -11775.7
6630000 -11778.8
6640000 -11771.8
6650000 -11823.2
6660000 -11764.2
6670000 -11759.5
6680000 -11775.3
6690000 -11769.9
6700000 -11784.3
6710000 -11800.7
6720000 -11778.9
6730000 -11777.9
6740000 -11770.5
6750000 -11786.5
6760000 -11795.9
6770000 -11804.9
6780000 -11789.9
6790000 -11783.7
6800000 -11797.5
6810000 -11788.2
6820000 -11790.5
6830000 -11797.8
6840000 -11788.6
6850000 -11784.2
6860000 -11781.9
6870000 -11800.3
6880000 -11800.3
6890000 -11811.2
6900000 -11798
6910000 -11797.6
6920000 -11784.5
6930000 -11785.9
6940000 -11781.5
6950000 -11792.2
6960000 -11758.9
6970000 -11760.8
6980000 -11789.1
6990000 -11795.5
7000000 -11761.4
7010000 -11754.4
7020000 -11790.5
7030000 -11792.7
7040000 -11782.6
7050000 -11794.8
7060000 -11767.6
7070000 -11796.7
7080000 -11771.9
7090000 -11774.6
7100000 -11776.3
7110000 -11779.1
7120000 -11788.4
7130000 -11778.7
7140000 -11775.3
7150000 -11780.9
7160000 -11771.5
7170000 -11765.8
7180000 -11789
7190000 -11759.3
7200000 -11788
7210000 -11781.5
7220000 -11797.7
7230000 -11778
7240000 -11765.7
7250000 -11799.7
7260000 -11778.9
7270000 -11783.9
7280000 -11775.6
7290000 -11810.2
7300000 -11791
7310000 -11780.3
7320000 -11781.6
7330000 -11773.6
7340000 -11796
7350000 -11781.1
7360000 -11791.3
7370000 -11800.1
7380000 -11789.8
7390000 -11788.9
7400000 -11792.9
7410000 -11774.6
7420000 -11775.2
7430000 -11777.9
7440000 -11791.7
7450000 -11801.5
7460000 -11766.4
7470000 -11768
7480000 -11773.8
7490000 -11790
7500000 -11788.9
7510000 -11764.9
7520000 -11815
7530000 -11810.1
7540000 -11776.6
7550000 -11787.1
7560000 -11771
7570000 -11773.3
7580000 -11788.7
7590000 -11782.7
7600000 -11782
7610000 -11785
7620000 -11795.1
7630000 -11780
7640000 -11774.5
7650000 -11796.4
7660000 -11788
7670000 -11809.1
7680000 -11774.1
7690000 -11788.7
7700000 -11788.7
7710000 -11784.5
7720000 -11796.2
7730000 -11780.3
7740000 -11821.5
7750000 -11799.3
7760000 -11782.2
7770000 -11775.1
7780000 -11787.4
7790000 -11780
7800000 -11789.8
7810000 -11784.8
7820000 -11785.7
7830000 -11791.5
7840000 -11803.4
7850000 -11783.9
7860000 -11788.7
7870000 -11812.4
7880000 -11775.5
7890000 -11795.1
7900000 -11789.2
7910000 -11784
7920000 -11784.8
7930000 -11769
7940000 -11758.4
7950000 -11784.5
7960000 -11785.5
7970000 -11807.2
7980000 -11774.8
7990000 -11764.6
8000000 -11799.3
8010000 -11784.7
8020000 -11793.3
8030000 -11800.9
8040000 -11762.5
8050000 -11785.4
8060000 -11774.2
8070000 -11798.5
8080000 -11784.1
8090000 -11779.4
8100000 -11788.2
8110000 -11779.4
8120000 -11768.5
8130000 -11776.4
8140000 -11771.9
8150000 -11755.6
8160000 -11781.5
8170000 -11810.8
8180000 -11775
8190000 -11777.2
8200000 -11783.6
8210000 -11756.4
8220000 -11785.2
8230000 -11788.1
8240000 -11797.7
8250000 -11779.1
8260000 -11774.1
8270000 -11800.6
8280000 -11817
8290000 -11786.9
8300000 -11785.6
8310000 -11770.1
8320000 -11801.4
8330000 -11773.3
8340000 -11783
8350000 -11794.9
8360000 -11757.2
8370000 -11791.4
8380000 -11792.5
8390000 -11774.1
8400000 -11755.9
8410000 -11792.6
8420000 -11803
8430000 -11774.3
8440000 -11791.3
8450000 -11801.4
8460000 -11784
8470000 -11772.6
8480000 -11751.2
8490000 -11789.8
8500000 -11790.4
8510000 -11779.9
8520000 -11805.3
8530000 -11807.4
8540000 -11811.4
8550000 -11790
8560000 -11790.6
8570000 -11776.7
8580000 -11811.1
8590000 -11787.3
8600000 -11779.4
8610000 -11790.8
8620000 -11773
8630000 -11791.9
8640000 -11802.5
8650000 -11780.1
8660000 -11794.7
8670000 -11810
8680000 -11795.4
8690000 -11768.4
8700000 -11788.8
8710000 -11753.3
8720000 -11768.7
8730000 -11790.1
8740000 -11770.1
8750000 -11763.5
8760000 -11777.2
8770000 -11802
8780000 -11790.3
8790000 -11783.3
8800000 -11806
8810000 -11778.7
8820000 -11751.2
8830000 -11785.5
8840000 -11799.8
8850000 -11775.6
8860000 -11750.8
8870000 -11774.8
8880000 -11805
8890000 -11792.1
8900000 -11779.7
8910000 -11801.7
8920000 -11795.7
8930000 -11757.5
8940000 -11784.1
8950000 -11791.7
8960000 -11804.4
8970000 -11809.2
8980000 -11783.9
8990000 -11783.3
9000000 -11770.8
9010000 -11777
9020000 -11775.4
9030000 -11787.1
9040000 -11785
9050000 -11799.9
9060000 -11810.2
9070000 -11792.1
9080000 -11797.6
9090000 -11785.2
9100000 -11772.7
9110000 -11772.8
9120000 -11787.1
9130000 -11771.7
9140000 -11803.8
9150000 -11772.4
9160000 -11788.7
9170000 -11784.4
9180000 -11793.1
9190000 -11774
9200000 -11794.5
9210000 -11770.1
9220000 -11790.9
9230000 -11798.5
9240000 -11796.4
9250000 -11782.8
9260000 -11777.9
9270000 -11749
9280000 -11777
9290000 -11780.6
9300000 -11782.5
9310000 -11784.8
9320000 -11763
9330000 -11772.6
9340000 -11802
9350000 -11780.8
9360000 -11792
9370000 -11786.4
9380000 -11781.3
9390000 -11794.3
9400000 -11793.4
9410000 -11792
9420000 -11806.6
9430000 -11796.9
9440000 -11802.1
9450000 -11774.5
9460000 -11775.5
9470000 -11774.5
9480000 -11782.9
9490000 -11782.3
9500000 -11782.3
9510000 -11798.7
9520000 -11789
9530000 -11800.5
9540000 -11795.3
9550000 -11787.7
9560000 -11762.1
9570000 -11788.3
9580000 -11791.4
9590000 -11796.8
9600000 -11803.8
9610000 -11777.5
9620000 -11778.8
9630000 -11788.3
9640000 -11801.5
9650000 -11778.6
9660000 -11766.8
9670000 -11791.9
9680000 -11769.8
9690000 -11783.9
9700000 -11794.2
9710000 -11767.4
9720000 -11799.4
9730000 -11778.1
9740000 -11788
9750000 -11793.1
9760000 -11786.6
9770000 -11773.4
9780000 -11789.3
9790000 -11792.7
9800000 -11794.7
9810000 -11787.6
9820000 -11779.7
9830000 -11783.1
9840000 -11822.5
9850000 -11789.4
9860000 -11783.5
9870000 -11770.3
9880000 -11788.8
9890000 -11758.2
9900000 -11785.9
9910000 -11768.3
9920000 -11791.7
9930000 -11764
9940000 -11772.3
9950000 -11768.8
9960000 -11767.9
9970000 -11768.3
9980000 -11801.5
9990000 -11800.3
10000000 -11798.5
10010000 -11788.7
10020000 -11813.1
10030000 -11774.5
10040000 -11778.1
10050000 -11784
10060000 -11776.2
10070000 -11793
10080000 -11782.7
10090000 -11779.9
10100000 -11788
10110000 -11784.4
10120000 -11768.7
10130000 -11776.9
10140000 -11770.1
10150000 -11786.2
10160000 -11806.4
10170000 -11791.2
10180000 -11770.3
10190000 -11778.8
10200000 -11798.5
10210000 -11789.6
10220000 -11743.5
10230000 -11813.1
10240000 -11780.8
10250000 -11767.1
10260000 -11793
10270000 -11796.4
10280000 -11779.9
10290000 -11789.1
10300000 -11811.6
10310000 -11786.1
10320000 -11789.8
10330000 -11777.6
10340000 -11775.4
10350000 -11791.1
10360000 -11797.5
10370000 -11796.6
10380000 -11800.5
10390000 -11783.8
10400000 -11821.1
10410000 -11779
10420000 -11772.9
10430000 -11777.8
10440000 -11823.1
10450000 -11805.7
10460000 -11802.5
10470000 -11768.2
10480000 -11772.3
10490000 -11789.1
10500000 -11778.8
10510000 -11773.2
10520000 -11811.2
10530000 -11793.6
10540000 -11770.4
10550000 -11785.2
10560000 -11794
10570000 -11786.3
10580000 -11789.4
10590000 -11772
10600000 -11782.7
10610000 -11774.2
10620000 -11771.9
10630000 -11793.5
10640000 -11787.2
10650000 -11776.3
10660000 -11790.6
10670000 -11796.2
10680000 -11803.4
10690000 -11800.5
10700000 -11775.4
10710000 -11774.9
10720000 -11772.8
10730000 -11792
10740000 -11791.8
10750000 -11776
10760000 -11812.3
10770000 -11805.7
10780000 -11788.3
10790000 -11761.3
10800000 -11795.2
10810000 -11778.5
10820000 -11792.4
10830000 -11813.6
10840000 -11792
10850000 -11788.6
10860000 -11782.8
10870000 -11777.9
10880000 -11785.7
10890000 -11762.9
10900000 -11788.5
10910000 -11794.3
10920000 -11791.4
10930000 -11787.8
10940000 -11772.6
10950000 -11786.6
10960000 -11791.7
10970000 -11793.7
10980000 -11777.9
10990000 -11748.8
11000000 -11754.9
11010000 -11782.2
11020000 -11766.8
11030000 -11786.2
11040000 -11794.7
11050000 -11789.5
11060000 -11774.6
11070000 -11757.5
11080000 -11768.9
11090000 -11787.1
11100000 -11778.7
11110000 -11784.5
11120000 -11792.7
11130000 -11771.9
11140000 -11776.5
11150000 -11786.7
11160000 -11784.6
11170000 -11778
11180000 -11774.6
11190000 -11785.9
11200000 -11808.8
11210000 -11785.6
11220000 -11806.7
11230000 -11789
11240000 -11781.2
11250000 -11805.8
11260000 -11792.7
11270000 -11771.6
11280000 -11807.2
11290000 -11755.1
11300000 -11785.3
11310000 -11797.8
11320000 -11788.3
11330000 -11797.2
11340000 -11765.2
11350000 -11798.9
11360000 -11790.1
11370000 -11791.2
11380000 -11772.5
11390000 -11774.6
11400000 -11782.3
11410000 -11781.5
11420000 -11784.2
11430000 -11790.5
11440000 -11789.8
11450000 -11813
11460000 -11778.6
11470000 -11778.4
11480000 -11780.8
11490000 -11785.4
11500000 -11802.7
11510000 -11787.5
11520000 -11773.4
11530000 -11782.3
11540000 -11787.1
11550000 -11780.7
11560000 -11789.3
11570000 -11773.2
11580000 -11763.5
11590000 -11762.5
11600000 -11782.2
11610000 -11787.4
11620000 -11787.4
11630000 -11774.1
11640000 -11794.3
11650000 -11802
11660000 -11785
11670000 -11785.9
11680000 -11785.3
11690000 -11785.1
11700000 -11796
11710000 -11778.3
11720000 -11771.2
11730000 -11799.4
11740000 -11799.7
11750000 -11785.4
11760000 -11771.4
11770000 -11760.7
11780000 -11800.3
11790000 -11794.5
11800000 -11809.6
11810000 -11793.5
11820000 -11802.8
11830000 -11762.8
11840000 -11787.8
11850000 -11772.7
11860000 -11781.1
11870000 -11781.3
11880000 -11792.8
11890000 -11795.9
11900000 -11805.2
11910000 -11805.4
11920000 -11783.6
11930000 -11774.6
11940000 -11788.7
11950000 -11793.7
11960000 -11768.6
11970000 -11783.3
11980000 -11743.1
11990000 -11781.7
12000000 -11790.8
12010000 -11792.2
12020000 -11747.6
12030000 -11789.5
12040000 -11771.8
12050000 -11806.9
12060000 -11769.8
12070000 -11775.1
12080000 -11799.9
12090000 -11800.6
12100000 -11791.7
12110000 -11769
12120000 -11777.6
12130000 -11790.7
12140000 -11795.4
12150000 -11803.9
12160000 -11799
12170000 -11793.2
12180000 -11768.6
12190000 -11785.4
12200000 -11800
12210000 -11791.7
12220000 -11767.9
12230000 -11792.6
12240000 -11786.3
12250000 -11781.5
12260000 -11787.9
12270000 -11786.6
12280000 -11793.2
12290000 -11770.4
12300000 -11817.6
12310000 -11785.1
12320000 -11795.3
12330000 -11782.9
12340000 -11789.3
12350000 -11783.2
12360000 -11789.2
12370000 -11793.3
12380000 -11779.6
12390000 -11786.7
12400000 -11773.4
12410000 -11779.6
12420000 -11775.8
12430000 -11771.7
12440000 -11790.7
12450000 -11801.1
12460000 -11806.7
12470000 -11783.7
12480000 -11768.1
12490000 -11799.3
12500000 -11778.6
12510000 -11777.5
12520000 -11798.2
12530000 -11792.6
12540000 -11791.6
12550000 -11810.8
12560000 -11799.2
12570000 -11762.3
12580000 -11798.6
12590000 -11771.1
12600000 -11786.2
12610000 -11780
12620000 -11784.7
12630000 -11774.5
12640000 -11783.1
12650000 -11787.2
12660000 -11800.1
12670000 -11788.8
12680000 -11787.1
12690000 -11796.5
12700000 -11742
12710000 -11793.5
12720000 -11797.1
12730000 -11775.7
12740000 -11776.4
12750000 -11781
12760000 -11798.8
12770000 -11789.6
12780000 -11778.5
12790000 -11795.4
12800000 -11794.7
12810000 -11797
12820000 -11766.5
12830000 -11789.6
12840000 -11802
12850000 -11790
12860000 -11784
12870000 -11782.2
12880000 -11796.8
12890000 -11779.1
12900000 -11790.7
12910000 -11777.3
12920000 -11785
12930000 -11793.1
12940000 -11774.9
12950000 -11782.9
12960000 -11765.5
12970000 -11757.9
12980000 -11770.7
12990000 -11769.5
13000000 -11764.3
13010000 -11786.9
13020000 -11778.9
13030000 -11789.9
13040000 -11745.4
13050000 -11779.6
13060000 -11764.7
13070000 -11787
13080000 -11775.3
13090000 -11761.9
13100000 -11777.4
13110000 -11750.8
13120000 -11800
13130000 -11786.9
13140000 -11785.3
13150000 -11804.2
13160000 -11778.5
13170000 -11762.9
13180000 -11763.7
13190000 -11780.4
13200000 -11778.5
13210000 -11771.8
13220000 -11803.3
13230000 -11778.8
13240000 -11797.1
13250000 -11801.3
13260000 -11790.1
13270000 -11770.7
13280000 -11765.3
13290000 -11783.6
13300000 -11806.4
13310000 -11771.6
13320000 -11773.6
13330000 -11772.3
13340000 -11798.5
13350000 -11776.1
13360000 -11791.9
13370000 -11793.7
13380000 -11807.1
13390000 -11775.5
13400000 -11778.8
13410000 -11783
13420000 -11782.3
13430000 -11774.5
13440000 -11764.1
13450000 -11781
13460000 -11805.6
13470000 -11781.4
13480000 -11774.4
13490000 -11798.5
13500000 -11777.3
13510000 -11764.6
13520000 -11758.4
13530000 -11789.5
13540000 -11773
13550000 -11788.3
13560000 -11785.1
13570000 -11788.9
13580000 -11761.4
13590000 -11778.1
13600000 -11775.3
13610000 -11776.7
13620000 -11792
13630000 -11800.5
13640000 -11778.7
13650000 -11777.7
13660000 -11774.1
13670000 -11786.1
13680000 -11781.7
13690000 -11746
13700000 -11772.6
13710000 -11808.4
13720000 -11781.1
13730000 -11780.8
13740000 -11806
13750000 -11793.1
13760000 -11777.8
13770000 -11786.4
13780000 -11799.8
13790000 -11792.9
13800000 -11785.5
13810000 -11776.7
13820000 -11785.9
13830000 -11804.1
13840000 -11766.9
13850000 -11790.7
13860000 -11805.8
13870000 -11802.1
13880000 -11773
13890000 -11793.7
13900000 -11799.3
13910000 -11775.5
13920000 -11800.7
13930000 -11789.7
13940000 -11782.4
13950000 -11811
13960000 -11786.2
13970000 -11797.1
13980000 -11763.8
13990000 -11793.5
14000000 -11772.4
14010000 -11788.2
14020000 -11767.4
14030000 -11799.9
14040000 -11808.2
14050000 -11794.5
14060000 -11783.2
14070000 -11768.9
14080000 -11793
14090000 -11801.4
14100000 -11794.6
14110000 -11771.6
14120000 -11782.3
14130000 -11778.3
14140000 -11784.5
14150000 -11797.7
14160000 -11792.6
14170000 -11778.7
14180000 -11773.9
14190000 -11773.3
14200000 -11777.3
14210000 -11773.5
14220000 -11803.7
14230000 -11782.6
14240000 -11784.2
14250000 -11776.3
14260000 -11783.5
14270000 -11800
14280000 -11792.8
14290000 -11794.1
14300000 -11779.4
14310000 -11784.5
14320000 -11793.4
14330000 -11781.3
14340000 -11785
14350000 -11766.7
14360000 -11803.1
14370000 -11797
14380000 -11778.3
14390000 -11782.4
14400000 -11774
14410000 -11796.7
14420000 -11798.1
14430000 -11789
14440000 -11775
14450000 -11797.3
14460000 -11766.7
14470000 -11805
14480000 -11766.6
14490000 -11832.6
14500000 -11794.6
14510000 -11775.2
14520000 -11797.4
14530000 -11784.9
14540000 -11773.5
14550000 -11768.4
14560000 -11809.5
14570000 -11804.1
14580000 -11783.4
14590000 -11777.8
14600000 -11770.4
14610000 -11791.8
14620000 -11777.2
14630000 -11793.5
14640000 -11774.9
14650000 -11792
14660000 -11786.9
14670000 -11786.3
14680000 -11777.6
14690000 -11804.4
14700000 -11819.2
14710000 -11785.2
14720000 -11776
14730000 -11801.4
14740000 -11794.6
14750000 -11775.5
14760000 -11761.3
14770000 -11787.9
14780000 -11775.8
14790000 -11807.9
14800000 -11789.3
14810000 -11781.6
14820000 -11777.8
14830000 -11793.4
14840000 -11820.4
14850000 -11793.4
14860000 -11797.1
14870000 -11784.4
14880000 -11793.3
14890000 -11790.9
14900000 -11789.3
14910000 -11793.4
14920000 -11811.9
14930000 -11763.7
14940000 -11760.7
14950000 -11754.2
14960000 -11765.7
14970000 -11779.7
14980000 -11767.1
14990000 -11774.6
15000000 -11782.1
15010000 -11776.5
15020000 -11779.8
15030000 -11795.4
15040000 -11785.7
15050000 -11781.4
15060000 -11773.7
15070000 -11792.3
15080000 -11816.4
15090000 -11765.4
15100000 -11810.7
15110000 -11778.2
15120000 -11770.2
15130000 -11810.2
15140000 -11804.1
15150000 -11782.4
15160000 -11788.5
15170000 -11808.2
15180000 -11779.4
15190000 -11774.2
15200000 -11789.3
15210000 -11783.6
15220000 -11787.7
15230000 -11781
15240000 -11784.2
15250000 -11759.4
15260000 -11780.6
15270000 -11784.5
15280000 -11791.8
15290000 -11784.3
15300000 -11787.5
15310000 -11782.9
15320000 -11776.9
15330000 -11775.1
15340000 -11756.9
15350000 -11774.8
15360000 -11786.6
15370000 -11804.3
15380000 -11776.7
15390000 -11791.3
15400000 -11780.2
15410000 -11790.4
15420000 -11771.5
15430000 -11778.7
15440000 -11812.5
15450000 -11788
15460000 -11789.9
15470000 -11783.3
15480000 -11759.4
15490000 -11789.9
15500000 -11780.5
15510000 -11784.8
15520000 -11776.8
15530000 -11798.2
15540000 -11796.9
15550000 -11780.2
15560000 -11793.6
15570000 -11764.9
15580000 -11785.9
15590000 -11794.7
15600000 -11784.2
15610000 -11785.2
15620000 -11801.7
15630000 -11800.8
15640000 -11776
15650000 -11784.5
15660000 -11790.5
15670000 -11778.3
15680000 -11775.9
15690000 -11794.7
15700000 -11791
15710000 -11767.8
15720000 -11782.6
15730000 -11779.1
15740000 -11767.2
15750000 -11799.2
15760000 -11783.6
15770000 -11766.7
15780000 -11754.4
15790000 -11794.6
15800000 -11807.6
15810000 -11778.1
15820000 -11809.5
15830000 -11780.2
15840000 -11771.7
15850000 -11788.2
15860000 -11798.7
15870000 -11781.2
15880000 -11776.4
15890000 -11786.3
15900000 -11778.2
15910000 -11790.6
15920000 -11787.1
15930000 -11792.4
15940000 -11771.2
15950000 -11794.4
15960000 -11780.6
15970000 -11777.1
15980000 -11785.1
15990000 -11786.4
16000000 -11803.3
16010000 -11778.4
16020000 -11797.8
16030000 -11772.6
16040000 -11777.4
16050000 -11777.7
16060000 -11784.3
16070000 -11790.6
16080000 -11765.9
16090000 -11808
16100000 -11785.8
16110000 -11780.5
16120000 -11769.9
16130000 -11778.3
16140000 -11782.3
16150000 -11775.7
16160000 -11821.5
16170000 -11779.8
16180000 -11778.2
16190000 -11814.5
16200000 -11776.6
16210000 -11803.3
16220000 -11762
16230000 -11806
16240000 -11760.6
16250000 -11780.7
16260000 -11804.7
16270000 -11794.5
16280000 -11788.5
16290000 -11789.9
16300000 -11792.6
16310000 -11796.2
16320000 -11773.4
16330000 -11781.6
16340000 -11777.6
16350000 -11783
16360000 -11771.8
16370000 -11771.1
16380000 -11803.8
16390000 -11791.9
16400000 -11771.1
16410000 -11804.3
16420000 -11768
16430000 -11772.5
16440000 -11790.9
16450000 -11784
16460000 -11774.5
16470000 -11777.3
16480000 -11805.6
16490000 -11784.7
16500000 -11784.6
16510000 -11783.5
16520000 -11798.4
16530000 -11793.5
16540000 -11806.8
16550000 -11756.3
16560000 -11796.7
16570000 -11803.4
16580000 -11792.9
16590000 -11795.7
16600000 -11787.2
16610000 -11783.2
16620000 -11780.3
16630000 -11771.8
16640000 -11781.9
16650000 -11796.3
16660000 -11787.8
16670000 -11796.4
16680000 -11779.9
16690000 -11789.4
16700000 -11786.6
16710000 -11793.6
16720000 -11788.2
16730000 -11784.3
16740000 -11778.9
16750000 -11796
16760000 -11766.3
16770000 -11785.1
16780000 -11782.3
16790000 -11787.9
16800000 -11766.3
16810000 -11770.8
16820000 -11786.5
16830000 -11793.9
16840000 -11778.5
16850000 -11772.4
16860000 -11794.4
16870000 -11820.1
16880000 -11771.6
16890000 -11779.3
16900000 -11787.3
16910000 -11796.6
16920000 -11795.6
16930000 -11783.6
16940000 -11786
16950000 -11799
16960000 -11771.3
16970000 -11792.4
16980000 -11776.6
16990000 -11780
17000000 -11765.9
17010000 -11759.5
17020000 -11788.2
17030000 -11789.3
17040000 -11786
17050000 -11782.8
17060000 -11801.8
17070000 -11785.7
17080000 -11788.4
17090000 -11787.6
17100000 -11748.8
17110000 -11793.3
17120000 -11784.5
17130000 -11802.7
17140000 -11796.4
17150000 -11786
17160000 -11766.6
17170000 -11745.6
17180000 -11781.4
17190000 -11782.8
17200000 -11787
17210000 -11805.2
17220000 -11793.6
17230000 -11780
17240000 -11788.7
17250000 -11776.2
17260000 -11780.2
17270000 -11788.5
17280000 -11783.6
17290000 -11760.1
17300000 -11788.3
17310000 -11787.6
17320000 -11784.6
17330000 -11785.8
17340000 -11766.6
17350000 -11801.9
17360000 -11794
17370000 -11790
17380000 -11778.7
17390000 -11764.6
17400000 -11796.5
17410000 -11780.4
17420000 -11787.1
17430000 -11782.8
17440000 -11809.1
17450000 -11782.7
17460000 -11777.7
17470000 -11782.1
17480000 -11789.9
17490000 -11776.9
17500000 -11794.3
17510000 -11799.7
17520000 -11793.1
17530000 -11780
17540000 -11782.9
17550000 -11778
17560000 -11786.5
17570000 -11756.9
17580000 -11781.8
17590000 -11797.7
17600000 -11786.4
17610000 -11805.5
17620000 -11799.7
17630000 -11775.9
17640000 -11789.4
17650000 -11773.7
17660000 -11766.5
17670000 -11785.4
17680000 -11794.6
17690000 -11758
17700000 -11783.1
17710000 -11798.7
17720000 -11771.2
17730000 -11795
17740000 -11781.6
17750000 -11786
17760000 -11788.4
17770000 -11784
17780000 -11778.5
17790000 -11796.5
17800000 -11786.9
17810000 -11786
17820000 -11781.7
17830000 -11770.6
17840000 -11794.6
17850000 -11790.8
17860000 -11786.4
17870000 -11799.6
17880000 -11796.4
17890000 -11820.5
17900000 -11771.5
17910000 -11793.8
17920000 -11785.8
17930000 -11754.8
17940000 -11810.5
17950000 -11773.4
17960000 -11803.6
17970000 -11778.3
17980000 -11788
17990000 -11803.7
18000000 -11781.6
18010000 -11787.7
18020000 -11787.6
18030000 -11777.7
18040000 -11772.4
18050000 -11779.3
18060000 -11781.5
18070000 -11777
18080000 -11775.3
18090000 -11798.8
18100000 -11772.3
18110000 -11813.7
18120000 -11780.6
18130000 -11775.3
18140000 -11775.6
18150000 -11768.8
18160000 -11783.8
18170000 -11791.4
18180000 -11805.3
18190000 -11792.5
18200000 -11800.6
18210000 -11798.6
18220000 -11754.1
18230000 -11780.1
18240000 -11803.5
18250000 -11786.7
18260000 -11796.7
18270000 -11787.8
18280000 -11802.3
18290000 -11783.7
18300000 -11777.7
18310000 -11812.2
18320000 -11801.3
18330000 -11772.9
18340000 -11759.3
18350000 -11776.4
18360000 -11785.3
18370000 -11774.2
18380000 -11771.7
18390000 -11795.7
18400000 -11793.9
18410000 -11811.6
18420000 -11789.2
18430000 -11783
18440000 -11794.2
18450000 -11803.6
18460000 -11800.7
18470000 -11788.1
18480000 -11796.3
18490000 -11780.8
18500000 -11791.7
18510000 -11796
18520000 -11787.3
18530000 -11779.1
18540000 -11764.8
18550000 -11767.1
18560000 -11765.3
18570000 -11787.4
18580000 -11784.7
18590000 -11778.7
18600000 -11785.8
18610000 -11782.4
18620000 -11801.2
18630000 -11775.2
18640000 -11771.7
18650000 -11746.2
18660000 -11792.4
18670000 -11751.7
18680000 -11792.8
18690000 -11794.2
18700000 -11805.4
18710000 -11807.6
18720000 -11800.3
18730000 -11805.1
18740000 -11790.7
18750000 -11759.2
18760000 -11774.2
18770000 -11759.1
18780000 -11779.1
18790000 -11782.7
18800000 -11794
18810000 -11776.5
18820000 -11757.6
18830000 -11780.3
18840000 -11786.3
18850000 -11767.9
18860000 -11795
18870000 -11781.5
18880000 -11776.5
18890000 -11799.7
18900000 -11777.7
18910000 -11782.5
18920000 -11760.6
18930000 -11768.1
18940000 -11782.1
18950000 -11779.9
18960000 -11791.4
18970000 -11766.6
18980000 -11782.8
18990000 -11766.6
19000000 -11807.2
19010000 -11779
19020000 -11790.5
19030000 -11777.5
19040000 -11787.5
19050000 -11785.2
19060000 -11796.5
19070000 -11787.6
19080000 -11800.5
19090000 -11796.5
19100000 -11793.7
19110000 -11780
19120000 -11795.6
19130000 -11805.9
19140000 -11794.7
19150000 -11780.8
19160000 -11762.3
19170000 -11778.8
19180000 -11807.7
19190000 -11787.8
19200000 -11775.3
19210000 -11777.7
19220000 -11781.5
19230000 -11760.3
19240000 -11787.5
19250000 -11764.7
19260000 -11803.2
19270000 -11795.7
19280000 -11751.1
19290000 -11805.3
19300000 -11780.2
19310000 -11777.3
19320000 -11797.6
19330000 -11810.9
19340000 -11792.6
19350000 -11786.4
19360000 -11785.8
19370000 -11793
19380000 -11771.2
19390000 -11788.8
19400000 -11781.8
19410000 -11794.5
19420000 -11795.2
19430000 -11804.2
19440000 -11779.5
19450000 -11799.9
19460000 -11783.5
19470000 -11794.3
19480000 -11785
19490000 -11762.8
19500000 -11762.8
19510000 -11799.2
19520000 -11759.3
19530000 -11760.5
19540000 -11777.2
19550000 -11793.8
19560000 -11766.9
19570000 -11801.2
19580000 -11769
19590000 -11791.2
19600000 -11798.5
19610000 -11798.6
19620000 -11779.5
19630000 -11792.5
19640000 -11803.3
19650000 -11772.6
19660000 -11786.2
19670000 -11791.9
19680000 -11784.1
19690000 -11790.8
19700000 -11792
19710000 -11744
19720000 -11788
19730000 -11770.6
19740000 -11804.3
19750000 -11823.2
19760000 -11786.4
19770000 -11790.2
19780000 -11801.4
19790000 -11783.5
19800000 -11776.3
19810000 -11774.6
19820000 -11790.2
19830000 -11783.3
19840000 -11807.4
19850000 -11778.8
19860000 -11770.2
19870000 -11797.3
19880000 -11772.7
19890000 -11802.2
19900000 -11780.1
19910000 -11780.5
19920000 -11796.4
19930000 -11775.3
19940000 -11810.6
19950000 -11752.7
19960000 -11771.8
19970000 -11802.6
19980000 -11793.6
19990000 -11789.3
20000000 -11801.7
20010000 -11764.3
20020000 -11779.9
20030000 -11787.9
20040000 -11777.4
20050000 -11794.8
20060000 -11777.3
20070000 -11791
20080000 -11800.1
20090000 -11774.4
20100000 -11789.8
20110000 -11793.4
20120000 -11798.4
20130000 -11808.7
20140000 -11810.4
20150000 -11786.2
20160000 -11784.4
20170000 -11762.7
20180000 -11795.5
20190000 -11780.9
20200000 -11784.2
20210000 -11787.2
20220000 -11781.4
20230000 -11778.6
20240000 -11789.5
20250000 -11792
20260000 -11798
20270000 -11801.3
20280000 -11807.6
20290000 -11808.5
20300000 -11798.3
20310000 -11767.3
20320000 -11766
20330000 -11781.9
20340000 -11771.5
20350000 -11781.3
20360000 -11791
20370000 -11803.9
20380000 -11767.8
20390000 -11787.8
20400000 -11794.9
20410000 -11793.8
20420000 -11789.8
20430000 -11788.2
20440000 -11796
20450000 -11780.6
20460000 -11790.9
20470000 -11773.9
20480000 -11798.2
20490000 -11770.8
20500000 -11769.5
20510000 -11779.9
20520000 -11788
20530000 -11790.7
20540000 -11807.3
20550000 -11789.2
20560000 -11780.7
20570000 -11796.2
20580000 -11773.8
20590000 -11780.2
20600000 -11785.8
20610000 -11815.1
20620000 -11769.3
20630000 -11797.2
20640000 -11762.4
20650000 -11766.6
20660000 -11785
20670000 -11802.4
20680000 -11775.3
20690000 -11782.1
20700000 -11770.2
20710000 -11796.8
20720000 -11803.2
20730000 -11781.3
20740000 -11807.1
20750000 -11773
20760000 -11762.1
20770000 -11771.1
20780000 -11773.6
20790000 -11778.3
20800000 -11767.1
20810000 -11803
20820000 -11792.6
20830000 -11794.9
20840000 -11800.2
20850000 -11817.3
20860000 -11785.4
20870000 -11787.6
20880000 -11785.1
20890000 -11766.7
20900000 -11784.7
20910000 -11778
20920000 -11788.2
20930000 -11781.3
20940000 -11794.3
20950000 -11789.8
20960000 -11775.7
20970000 -11791.1
20980000 -11794.9
20990000 -11771.3
21000000 -11775.4
21010000 -11785.3
21020000 -11770.4
21030000 -11794.9
21040000 -11795.7
21050000 -11804.7
21060000 -11765.8
21070000 -11784.9
21080000 -11795
21090000 -11787.6
21100000 -11781.2
21110000 -11781.1
21120000 -11780.7
21130000 -11782.3
21140000 -11775.2
21150000 -11799.9
21160000 -11774.1
21170000 -11785.3
21180000 -11766.2
21190000 -11797.2
21200000 -11782
21210000 -11786.2
21220000 -11755.2
21230000 -11791.2
21240000 -11770.8
21250000 -11778.7
21260000 -11774.2
21270000 -11795
21280000 -11784.5
21290000 -11766.7
21300000 -11804.6
21310000 -11782.8
21320000 -11774.2
21330000 -11783.1
21340000 -11783.2
21350000 -11794.7
21360000 -11801
21370000 -11805.1
21380000 -11762.5
21390000 -11772.2
21400000 -11772.3
21410000 -11768.5
21420000 -11770.9
21430000 -11775.4
21440000 -11780.9
21450000 -11789.9
21460000 -11796
21470000 -11778.4
21480000 -11761
21490000 -11769.3
21500000 -11783.1
21510000 -11789.5
21520000 -11771.6
21530000 -11764.5
21540000 -11807.8
21550000 -11797.2
21560000 -11790.9
21570000 -11774.4
21580000 -11764.9
21590000 -11809.2
21600000 -11783.8
21610000 -11791.8
21620000 -11780.2
21630000 -11793.6
21640000 -11793
21650000 -11792.6
21660000 -11797
21670000 -11773.6
21680000 -11785.6
21690000 -11798.3
21700000 -11794.4
21710000 -11793.6
21720000 -11800.4
21730000 -11778.1
21740000 -11766.1
21750000 -11784.1
21760000 -11752.6
21770000 -11799.4
21780000 -11795.6
21790000 -11778.6
21800000 -11764.8
21810000 -11791.2
21820000 -11782.8
21830000 -11794.9
21840000 -11790.6
21850000 -11787.2
21860000 -11805
21870000 -11810.8
21880000 -11804.8
21890000 -11776.5
21900000 -11792.4
21910000 -11776.4
21920000 -11793.9
21930000 -11774.5
21940000 -11796.9
21950000 -11793.5
21960000 -11780.8
21970000 -11768.7
21980000 -11810
21990000 -11768.9
22000000 -11806.3
22010000 -11795
22020000 -11814.3
22030000 -11799.6
22040000 -11782.6
22050000 -11772.5
22060000 -11756.8
22070000 -11779.8
22080000 -11773.5
22090000 -11772.3
22100000 -11785
22110000 -11782.5
22120000 -11775.4
22130000 -11772.7
22140000 -11778.4
22150000 -11794.9
22160000 -11792.1
22170000 -11772.3
22180000 -11776.7
22190000 -11792.4
22200000 -11805.5
22210000 -11775.1
22220000 -11778.2
22230000 -11789.1
22240000 -11755.3
22250000 -11782.9
22260000 -11792.1
22270000 -11797.7
22280000 -11802.8
22290000 -11775.4
22300000 -11796.9
22310000 -11816.2
22320000 -11816.6
22330000 -11789.4
22340000 -11793.4
22350000 -11781.6
22360000 -11786.3
22370000 -11785.9
22380000 -11772.5
22390000 -11793.7
22400000 -11788.3
22410000 -11786.6
22420000 -11794.3
22430000 -11758.9
22440000 -11775.3
22450000 -11799.8
22460000 -11763.1
22470000 -11810.9
22480000 -11794.6
22490000 -11798.3
22500000 -11780.7
22510000 -11781.1
22520000 -11813.2
22530000 -11799.5
22540000 -11791.7
22550000 -11776.7
22560000 -11792.1
22570000 -11774.2
22580000 -11768.4
22590000 -11779.7
22600000 -11764.7
22610000 -11790.5
22620000 -11793.1
22630000 -11784.7
22640000 -11775.9
22650000 -11780.3
22660000 -11790.3
22670000 -11772.2
22680000 -11781
22690000 -11786.3
22700000 -11780.2
22710000 -11801
22720000 -11765.1
22730000 -11805.1
22740000 -11788.7
22750000 -11787.4
22760000 -11782.4
22770000 -11791.7
22780000 -11788.3
22790000 -11777.3
22800000 -11785
22810000 -11762.2
22820000 -11766.7
22830000 -11778.8
22840000 -11797.9
22850000 -11792.5
22860000 -11772.6
22870000 -11777.9
22880000 -11788.1
22890000 -11798.2
22900000 -11808.8
22910000 -11767.7
22920000 -11778.6
22930000 -11781.5
22940000 -11783.4
22950000 -11776.5
22960000 -11766.6
22970000 -11781.6
22980000 -11776.1
22990000 -11781.2
23000000 -11795.6
23010000 -11804.6
23020000 -11781.4
23030000 -11797.1
23040000 -11783.8
23050000 -11792.5
23060000 -11786.2
23070000 -11759
23080000 -11761.6
23090000 -11777.5
23100000 -11798.5
23110000 -11803.9
23120000 -11798.7
23130000 -11800.8
23140000 -11780.3
23150000 -11778.7
23160000 -11790.8
23170000 -11795.9
23180000 -11788.3
23190000 -11809.3
23200000 -11797.7
23210000 -11770.3
23220000 -11812
23230000 -11793.8
23240000 -11787
23250000 -11773.9
23260000 -11792.4
23270000 -11777.2
23280000 -11799
23290000 -11786.8
23300000 -11768.1
23310000 -11782.3
23320000 -11794.7
23330000 -11789.2
23340000 -11784.7
23350000 -11777.3
23360000 -11824.6
23370000 -11801.1
23380000 -11791.8
23390000 -11791.3
23400000 -11780.3
23410000 -11790.3
23420000 -11786.9
23430000 -11773.2
23440000 -11764.8
23450000 -11801.9
23460000 -11757.8
23470000 -11776.8
23480000 -11802.5
23490000 -11790.8
23500000 -11784.2
23510000 -11774.5
23520000 -11797.7
23530000 -11802
23540000 -11800.5
23550000 -11787.2
23560000 -11783.2
23570000 -11769
23580000 -11778.6
23590000 -11780.3
23600000 -11779.2
23610000 -11791.9
23620000 -11794.7
23630000 -11792.1
23640000 -11785.5
23650000 -11760.7
23660000 -11805.6
23670000 -11778.7
23680000 -11803.8
23690000 -11784.8
23700000 -11788.7
23710000 -11776.8
23720000 -11780.2
23730000 -11773.3
23740000 -11765.1
23750000 -11794.8
23760000 -11780.2
23770000 -11788.9
23780000 -11782.6
23790000 -11759.2
23800000 -11773
23810000 -11781.4
23820000 -11789.3
23830000 -11823
23840000 -11789.4
23850000 -11767.9
23860000 -11779.7
23870000 -11796.2
23880000 -11798.8
23890000 -11795.8
23900000 -11793.7
23910000 -11815
23920000 -11785.7
23930000 -11768.9
23940000 -11792.1
23950000 -11792.5
23960000 -11777.7
23970000 -11789.4
23980000 -11790.1
23990000 -11790.5
24000000 -11776.7
24010000 -11782.9
24020000 -11804.4
24030000 -11798.1
24040000 -11783.8
24050000 -11786.1
24060000 -11786.6
24070000 -11772.3
24080000 -11766
24090000 -11767
24100000 -11793
24110000 -11786.4
24120000 -11770.1
24130000 -11796.4
24140000 -11793.7
24150000 -11805.7
24160000 -11776
24170000 -11816
24180000 -11779.8
24190000 -11770.2
24200000 -11796.1
24210000 -11781.1
24220000 -11790.4
24230000 -11799.2
24240000 -11797.7
24250000 -11776.9
24260000 -11774.1
24270000 -11772.6
24280000 -11770.6
24290000 -11770.3
24300000 -11773.5
24310000 -11780.2
24320000 -11796.7
24330000 -11763.4
24340000 -11784.7
24350000 -11808.9
24360000 -11793.5
24370000 -11776.3
24380000 -11785.4
24390000 -11795.6
24400000 -11794.6
24410000 -11776.5
24420000 -11789.7
24430000 -11776.5
24440000 -11773.5
24450000 -11769.1
24460000 -11770.7
24470000 -11804.9
24480000 -11788.5
24490000 -11796.6
24500000 -11783.9
24510000 -11787.8
24520000 -11804.1
24530000 -11778.1
24540000 -11783.2
24550000 -11779
24560000 -11779.3
24570000 -11768
24580000 -11790.6
24590000 -11810.9
24600000 -11805.9
24610000 -11764
24620000 -11781.9
24630000 -11782.2
24640000 -11772.1
24650000 -11767.7
24660000 -11789.1
24670000 -11798.8
24680000 -11772.4
24690000 -11788.3
24700000 -11781.5
24710000 -11781.1
24720000 -11781.6
24730000 -11771.1
24740000 -11801.3
24750000 -11798.9
24760000 -11767.8
24770000 -11747.6
24780000 -11768.8
24790000 -11775.6
24800000 -11776.5
24810000 -11792
24820000 -11766.1
24830000 -11792
24840000 -11778.1
24850000 -11784.3
24860000 -11770.7
24870000 -11800.8
24880000 -11776.9
24890000 -11770.8
24900000 -11781.7
24910000 -11790.9
24920000 -11792.5
24930000 -11792.6
24940000 -11818.8
24950000 -11783
24960000 -11785.3
24970000 -11789.5
24980000 -11822.3
24990000 -11789.2
25000000 -11773.5
25010000 -11785.9
25020000 -11770.2
25030000 -11774.6
25040000 -11814.1
25050000 -11763.6
25060000 -11782.1
25070000 -11786.1
25080000 -11792.5
25090000 -11777.3
25100000 -11802.7
25110000 -11783.3
25120000 -11806.2
25130000 -11777.5
25140000 -11788.1
25150000 -11812.9
25160000 -11778.1
25170000 -11805.2
25180000 -11771.8
25190000 -11792.5
25200000 -11773
25210000 -11791.5
25220000 -11785.9
25230000 -11769.6
25240000 -11757.9
25250000 -11765.2
25260000 -11791.2
25270000 -11806.8
25280000 -11809.8
25290000 -11786.7
25300000 -11800.9
25310000 -11787.7
25320000 -11776
25330000 -11745.4
25340000 -11770
25350000 -11782.8
25360000 -11783.3
25370000 -11788.7
25380000 -11787.8
25390000 -11776
25400000 -11771.2
25410000 -11774.1
25420000 -11762.4
25430000 -11772.8
25440000 -11788.7
25450000 -11813.6
25460000 -11790.7
25470000 -11781.4
25480000 -11776
25490000 -11793.4
25500000 -11773.4
25510000 -11789.1
25520000 -11791.9
25530000 -11780.5
25540000 -11803.2
25550000 -11807.2
25560000 -11786.1
25570000 -11789
25580000 -11797
25590000 -11761.4
25600000 -11777
25610000 -11778.4
25620000 -11783.9
25630000 -11786.7
25640000 -11781.3
25650000 -11814.5
25660000 -11779.3
25670000 -11770.9
25680000 -11768.2
25690000 -11776.8
25700000 -11794.5
25710000 -11778
25720000 -11775.9
25730000 -11779.6
25740000 -11768.2
25750000 -11791.9
25760000 -11777.1
25770000 -11800.4
25780000 -11764.6
25790000 -11778.1
25800000 -11783.7
25810000 -11783.7
25820000 -11787.3
25830000 -11787.9
25840000 -11771
25850000 -11777.9
25860000 -11806.3
25870000 -11786.2
25880000 -11771
25890000 -11782.1
25900000 -11792.4
25910000 -11778
25920000 -11783.1
25930000 -11792.2
25940000 -11787.6
25950000 -11795.2
25960000 -11771.9
25970000 -11780.7
25980000 -11776.1
25990000 -11793.1
26000000 -11775.6
26010000 -11777.1
26020000 -11782.1
26030000 -11787.5
26040000 -11804.5
26050000 -11777.4
26060000 -11819.6
26070000 -11805.5
26080000 -11795.9
26090000 -11801.7
26100000 -11767.6
26110000 -11784.6
26120000 -11792.9
26130000 -11790.2
26140000 -11796.4
26150000 -11780.3
26160000 -11771.5
26170000 -11796.9
26180000 -11791.3
26190000 -11798.9
26200000 -11796.2
26210000 -11770.7
26220000 -11793.8
26230000 -11780.3
26240000 -11789
26250000 -11783.7
26260000 -11786.4
26270000 -11778.8
26280000 -11793.7
26290000 -11798.1
26300000 -11787.5
26310000 -11791.4
26320000 -11787.2
26330000 -11800
26340000 -11794.5
26350000 -11787.2
26360000 -11758.8
26370000 -11783.5
26380000 -11780.7
26390000 -11780.8
26400000 -11793.8
26410000 -11784.3
26420000 -11794.2
26430000 -11778.2
26440000 -11785.7
26450000 -11789
26460000 -11797
26470000 -11770.5
26480000 -11797
26490000 -11811.2
26500000 -11785.2
26510000 -11766.2
26520000 -11772.1
26530000 -11795.8
26540000 -11772.3
26550000 -11794.6
26560000 -11788.4
26570000 -11763.6
26580000 -11786.6
26590000 -11780
26600000 -11759.8
26610000 -11787.1
26620000 -11781.5
26630000 -11788.3
26640000 -11780.7
26650000 -11775.7
26660000 -11770.8
26670000 -11774.4
26680000 -11787.1
26690000 -11791.8
26700000 -11776.7
26710000 -11799.7
26720000 -11756.4
26730000 -11785.3
26740000 -11775.9
26750000 -11792.4
26760000 -11788.9
26770000 -11779.8
26780000 -11794.1
26790000 -11786.2
26800000 -11779.3
26810000 -11780.6
26820000 -11795.9
26830000 -11796.1
26840000 -11819.6
26850000 -11809
26860000 -11806.3
26870000 -11772.8
26880000 -11785.7
26890000 -11760.3
26900000 -11799.9
26910000 -11791.5
26920000 -11769.9
26930000 -11795.1
26940000 -11798.7
26950000 -11775.9
26960000 -11791.1
26970000 -11753.1
26980000 -11780.8
26990000 -11793.1
27000000 -11790.3
27010000 -11812.7
27020000 -11808.6
27030000 -11798.6
27040000 -11809.8
27050000 -11787.3
27060000 -11780.8
27070000 -11789.2
27080000 -11784.5
27090000 -11779.8
27100000 -11780.1
27110000 -11770.2
27120000 -11796.2
27130000 -11792.1
27140000 -11794.7
27150000 -11795.4
27160000 -11822.1
27170000 -11800.4
27180000 -11781.9
27190000 -11782.4
27200000 -11774.6
27210000 -11798.1
27220000 -11778.8
27230000 -11781.3
27240000 -11781
27250000 -11799.5
27260000 -11770.6
27270000 -11800.6
27280000 -11787.3
27290000 -11780.8
27300000 -11778
27310000 -11792.9
27320000 -11789.2
27330000 -11764.1
27340000 -11812.1
27350000 -11781.9
27360000 -11806.2
27370000 -11818.6
27380000 -11772.3
27390000 -11765
27400000 -11792.5
27410000 -11794.6
27420000 -11795
27430000 -11787.2
27440000 -11795.2
27450000 -11794.9
27460000 -11782.5
27470000 -11782.6
27480000 -11787.6
27490000 -11796.4
27500000 -11811
27510000 -11778.4
27520000 -11778.7
27530000 -11764.8
27540000 -11782.5
27550000 -11756.8
27560000 -11772.6
27570000 -11811.1
27580000 -11769.7
27590000 -11807.7
27600000 -11788.6
27610000 -11781.5
27620000 -11758.2
27630000 -11812.3
27640000 -11783.6
27650000 -11779.8
27660000 -11800.3
27670000 -11804.4
27680000 -11814
27690000 -11802.4
27700000 -11782.6
27710000 -11779.8
27720000 -11789.2
27730000 -11790.5
27740000 -11796.8
27750000 -11783.8
27760000 -11789.5
27770000 -11765.9
27780000 -11774.4
27790000 -11794
27800000 -11774
27810000 -11781.6
27820000 -11785.8
27830000 -11799.3
27840000 -11764.1
27850000 -11797.6
27860000 -11781.2
27870000 -11773.6
27880000 -11768.7
27890000 -11794.5
27900000 -11776.9
27910000 -11767.8
27920000 -11775.4
27930000 -11792.7
27940000 -11758.4
27950000 -11756.7
27960000 -11793.2
27970000 -11794.3
27980000 -11796.1
27990000 -11772
28000000 -11791.6
28010000 -11788.3
28020000 -11778.5
28030000 -11817.2
28040000 -11785.2
28050000 -11786.8
28060000 -11782.1
28070000 -11785.2
28080000 -11779.7
28090000 -11788.5
28100000 -11784.6
28110000 -11779.9
28120000 -11779.8
28130000 -11779.2
28140000 -11786.4
28150000 -11779.8
28160000 -11788.2
28170000 -11768.5
28180000 -11774.1
28190000 -11783.4
28200000 -11777.5
28210000 -11790.4
28220000 -11819.2
28230000 -11778.6
28240000 -11763.6
28250000 -11766.8
28260000 -11783.7
28270000 -11810.2
28280000 -11804.1
28290000 -11781.3
28300000 -11793.4
28310000 -11772
28320000 -11777.2
28330000 -11775.5
28340000 -11771.4
28350000 -11763.7
28360000 -11772.1
28370000 -11777.6
28380000 -11770.6
28390000 -11803.7
28400000 -11808.1
28410000 -11773.9
28420000 -11789.2
28430000 -11783.4
28440000 -11779
28450000 -11802.6
28460000 -11779.6
28470000 -11785.2
28480000 -11791.7
28490000 -11782.8
28500000 -11784.5
28510000 -11785.3
28520000 -11796.2
28530000 -11782.6
28540000 -11783.1
28550000 -11799.3
28560000 -11810.8
28570000 -11801.7
28580000 -11787.1
28590000 -11795.7
28600000 -11776.5
28610000 -11793
28620000 -11806.5
28630000 -11779.7
28640000 -11788.3
28650000 -11802
28660000 -11788.3
28670000 -11781
28680000 -11784.8
28690000 -11789.2
28700000 -11765.1
28710000 -11771.8
28720000 -11779.1
28730000 -11780.1
28740000 -11793.9
28750000 -11761.4
28760000 -11789.8
28770000 -11777
28780000 -11778.8
28790000 -11773.2
28800000 -11793
28810000 -11784.2
28820000 -11784.6
28830000 -11782.3
28840000 -11778.5
28850000 -11760.7
28860000 -11829.5
28870000 -11764.5
28880000 -11798.6
28890000 -11801
28900000 -11807.4
28910000 -11794.5
28920000 -11771.5
28930000 -11791.4
28940000 -11813.3
28950000 -11779.2
28960000 -11751.1
28970000 -11809.2
28980000 -11780.2
28990000 -11785
29000000 -11781.1
29010000 -11790.8
29020000 -11792.4
29030000 -11788.4
29040000 -11764.5
29050000 -11777.7
29060000 -11796
29070000 -11798.9
29080000 -11763.6
29090000 -11774.3
29100000 -11793.4
29110000 -11813.1
29120000 -11782
29130000 -11784.4
29140000 -11799.6
29150000 -11786.6
29160000 -11783
29170000 -11784.4
29180000 -11762.2
29190000 -11797
29200000 -11777.5
29210000 -11785.8
29220000 -11761
29230000 -11750.3
29240000 -11777.3
29250000 -11802.4
29260000 -11788.8
29270000 -11796.8
29280000 -11778.8
29290000 -11774.6
29300000 -11757.1
29310000 -11774.9
29320000 -11784
29330000 -11827
29340000 -11805.6
29350000 -11771.7
29360000 -11788.5
29370000 -11757.6
29380000 -11781.3
29390000 -11784.3
29400000 -11788.2
29410000 -11790
29420000 -11796.1
29430000 -11791.5
29440000 -11770.7
29450000 -11816
29460000 -11781.9
29470000 -11778.6
29480000 -11776.7
29490000 -11789.3
29500000 -11797.4
29510000 -11796.3
29520000 -11770.7
29530000 -11761
29540000 -11783.3
29550000 -11791.7
29560000 -11779
29570000 -11829.3
29580000 -11802.1
29590000 -11806.1
29600000 -11783.1
29610000 -11762.2
29620000 -11775.9
29630000 -11799.2
29640000 -11778.5
29650000 -11773.2
29660000 -11775.4
29670000 -11792.3
29680000 -11781.9
29690000 -11775.7
29700000 -11770.5
29710000 -11791.7
29720000 -11769.2
29730000 -11796.5
29740000 -11788.5
29750000 -11782.9
29760000 -11770
29770000 -11778.7
29780000 -11785.6
29790000 -11801.7
29800000 -11814.6
29810000 -11785.5
29820000 -11820.1
29830000 -11775.2
29840000 -11802
29850000 -11765.4
29860000 -11784.7
29870000 -11785.9
29880000 -11782.9
29890000 -11784
29900000 -11780.4
29910000 -11787.3
29920000 -11799
29930000 -11796.9
29940000 -11787
29950000 -11759.9
29960000 -11781.9
29970000 -11785.2
29980000 -11776.6
29990000 -11764.2
30000000 -11801.8
30010000 -11810.5
30020000 -11791.4
30030000 -11801.9
30040000 -11776.4
30050000 -11781.1
30060000 -11806.9
30070000 -11784
30080000 -11775.4
30090000 -11799.5
30100000 -11788.2
30110000 -11780.6
30120000 -11765.5
30130000 -11781.9
30140000 -11772.7
30150000 -11809.6
30160000 -11777
30170000 -11755.2
30180000 -11785.5
30190000 -11796.5
30200000 -11783.8
30210000 -11790.4
30220000 -11798.2
30230000 -11778.2
30240000 -11796.3
30250000 -11786.5
30260000 -11798.5
30270000 -11773.5
30280000 -11796.5
30290000 -11783.3
30300000 -11783.1
30310000 -11777.9
30320000 -11760.3
30330000 -11778.6
30340000 -11791.5
30350000 -11779
30360000 -11764
30370000 -11780.9
30380000 -11769.9
30390000 -11774.2
30400000 -11774
30410000 -11786.2
30420000 -11767.7
30430000 -11783.3
30440000 -11791.6
30450000 -11780.3
30460000 -11780.7
30470000 -11784
30480000 -11783.6
30490000 -11771
30500000 -11784.4
30510000 -11756.6
30520000 -11778.4
30530000 -11795.8
30540000 -11793.4
30550000 -11781.4
30560000 -11745
30570000 -11781.6
30580000 -11783.6
30590000 -11792.2
30600000 -11797.7
30610000 -11768.9
30620000 -11779.2
30630000 -11778.4
30640000 -11788.3
30650000 -11778.7
30660000 -11774.6
30670000 -11786.3
30680000 -11784.1
30690000 -11805.4
30700000 -11784.6
30710000 -11782.6
30720000 -11791.2
30730000 -11783.6
30740000 -11778
30750000 -11758.2
30760000 -11790.6
30770000 -11789.2
30780000 -11785.4
30790000 -11771.2
30800000 -11744.9
30810000 -11788
30820000 -11799.1
30830000 -11777.5
30840000 -11804.9
30850000 -11794.1
30860000 -11809.7
30870000 -11770.3
30880000 -11773.2
30890000 -11784.3
30900000 -11794.1
30910000 -11778.2
30920000 -11792.5
30930000 -11745.1
30940000 -11776.8
30950000 -11794.1
30960000 -11782.3
30970000 -11784.9
30980000 -11796.9
30990000 -11786.1
31000000 -11785.7
31010000 -11771.6
31020000 -11789.8
31030000 -11811.8
31040000 -11821.9
31050000 -11782
31060000 -11778.2
31070000 -11773.7
31080000 -11802.8
31090000 -11755.5
31100000 -11798.4
31110000 -11775.8
31120000 -11780.6
31130000 -11793.5
31140000 -11781
31150000 -11801
31160000 -11813.5
31170000 -11789.5
31180000 -11769.3
31190000 -11799.7
31200000 -11776.6
31210000 -11772.3
31220000 -11770.6
31230000 -11787.5
31240000 -11764.7
31250000 -11770.4
31260000 -11786.6
31270000 -11785
31280000 -11774.4
31290000 -11799.9
31300000 -11786
31310000 -11787.8
31320000 -11793.3
31330000 -11781.6
31340000 -11804.6
31350000 -11790.8
31360000 -11798.2
31370000 -11779.2
31380000 -11752.4
31390000 -11786.2
31400000 -11797.2
31410000 -11791.4
31420000 -11779
31430000 -11798.5
31440000 -11791.6
31450000 -11797.1
31460000 -11786.2
31470000 -11790.2
31480000 -11778.7
31490000 -11810.6
31500000 -11802.1
31510000 -11780.6
31520000 -11763.9
31530000 -11782.7
31540000 -11782.2
31550000 -11796.6
31560000 -11790.5
31570000 -11797.2
31580000 -11780.3
31590000 -11793.7
31600000 -11772.3
31610000 -11780.8
31620000 -11793.7
31630000 -11804.9
31640000 -11764.5
31650000 -11795.9
31660000 -11764.6
31670000 -11783.2
31680000 -11773.8
31690000 -11757.4
31700000 -11781.2
31710000 -11776.9
31720000 -11784.6
31730000 -11777.3
31740000 -11790.5
31750000 -11800.2
31760000 -11783.2
31770000 -11798.5
31780000 -11801.1
31790000 -11801.6
31800000 -11774.8
31810000 -11771.1
31820000 -11785.4
31830000 -11824
31840000 -11790.7
31850000 -11768.4
31860000 -11767.4
31870000 -11797.6
31880000 -11797.6
31890000 -11806.2
31900000 -11767.8
31910000 -11796.2
31920000 -11796.5
31930000 -11780.4
31940000 -11793.5
31950000 -11755.2
31960000 -11769.3
31970000 -11763
31980000 -11773.2
31990000 -11799.3
32000000 -11781.3
32010000 -11769.7
32020000 -11762.4
32030000 -11784.2
32040000 -11796.6
32050000 -11784.8
32060000 -11796.9
32070000 -11771
32080000 -11788.8
32090000 -11802.7
32100000 -11800.3
32110000 -11774.8
32120000 -11770.5
32130000 -11759.1
32140000 -11796.5
32150000 -11792.4
32160000 -11781.5
32170000 -11798
32180000 -11787.6
32190000 -11765.2
32200000 -11775.9
32210000 -11767.1
32220000 -11784.2
32230000 -11800
32240000 -11784.1
32250000 -11780.2
32260000 -11776.4
32270000 -11788.3
32280000 -11762
32290000 -11793.6
32300000 -11772.9
32310000 -11767.5
32320000 -11783
32330000 -11790.9
32340000 -11794.1
32350000 -11786.9
32360000 -11811.1
32370000 -11799.4
32380000 -11774
32390000 -11788
32400000 -11795
32410000 -11809.5
32420000 -11775.8
32430000 -11796.4
32440000 -11789.7
32450000 -11762.2
32460000 -11798.1
32470000 -11804.2
32480000 -11789.4
32490000 -11785
32500000 -11770.7
32510000 -11784.5
32520000 -11788.4
32530000 -11797.3
32540000 -11777.1
32550000 -11780.3
32560000 -11774.9
32570000 -11772
32580000 -11787
32590000 -11779.3
32600000 -11788.8
32610000 -11786
32620000 -11790.8
32630000 -11780.8
32640000 -11776.8
32650000 -11784.3
32660000 -11782.7
32670000 -11783.1
32680000 -11780
32690000 -11756.4
32700000 -11776.2
32710000 -11765.2
32720000 -11792.6
32730000 -11772.4
32740000 -11778.4
32750000 -11789.8
32760000 -11797.4
32770000 -11792.2
32780000 -11776.7
32790000 -11775.7
32800000 -11784
32810000 -11761.2
32820000 -11797.3
32830000 -11786.1
32840000 -11763.5
32850000 -11764.3
32860000 -11792.5
32870000 -11798.8
32880000 -11805.6
32890000 -11805.3
32900000 -11777.1
32910000 -11778.7
32920000 -11782.5
32930000 -11783.1
32940000 -11777.5
32950000 -11812.5
32960000 -11808.5
32970000 -11762.3
32980000 -11786.4
32990000 -11773.8
33000000 -11777
33010000 -11779.8
33020000 -11763.1
33030000 -11798.2
33040000 -11809.7
33050000 -11788.2
33060000 -11792.5
33070000 -11788.4
33080000 -11798.3
33090000 -11783.5
33100000 -11780.7
33110000 -11762.3
33120000 -11769.6
33130000 -11780.8
33140000 -11790.4
33150000 -11788.1
33160000 -11782.2
33170000 -11784.5
33180000 -11774.7
33190000 -11761
33200000 -11785.8
33210000 -11783.3
33220000 -11785.5
33230000 -11787.7
33240000 -11794.9
33250000 -11777.2
33260000 -11801.3
33270000 -11776.6
33280000 -11783.6
33290000 -11826.3
33300000 -11796.8
33310000 -11800
33320000 -11772.4
33330000 -11793.7
33340000 -11773.9
33350000 -11770
33360000 -11754.9
33370000 -11779.3
33380000 -11775.4
33390000 -11771.2
33400000 -11785.1
33410000 -11786.2
33420000 -11809.2
33430000 -11779.4
33440000 -11789.1
33450000 -11801.3
33460000 -11814.9
33470000 -11796.3
33480000 -11782.3
33490000 -11770.8
33500000 -11776.5
33510000 -11787.4
33520000 -11801.7
33530000 -11793.4
33540000 -11799.3
33550000 -11799.5
33560000 -11767.7
33570000 -11764.3
33580000 -11789.1
33590000 -11763.2
33600000 -11761.3
33610000 -11763.4
33620000 -11809.9
33630000 -11807.8
33640000 -11816
33650000 -11775
33660000 -11787.4
33670000 -11801.1
33680000 -11786.1
33690000 -11798.7
33700000 -11793.5
33710000 -11775.2
33720000 -11771.2
33730000 -11771.9
33740000 -11761.3
33750000 -11800
33760000 -11765.5
33770000 -11781.7
33780000 -11793.2
33790000 -11768.7
33800000 -11802.4
33810000 -11790.8
33820000 -11785.4
33830000 -11807.9
33840000 -11793.9
33850000 -11788.2
33860000 -11792.7
33870000 -11799.7
33880000 -11787.1
33890000 -11781.5
33900000 -11780.7
33910000 -11782.6
33920000 -11754.6
33930000 -11790.1
33940000 -11780.6
33950000 -11783.4
33960000 -11783.2
33970000 -11789.3
33980000 -11775.3
33990000 -11774.2
34000000 -11796.3
34010000 -11782.4
34020000 -11761.7
34030000 -11812
34040000 -11808.1
34050000 -11802.8
34060000 -11795.8
34070000 -11757.7
34080000 -11790.5
34090000 -11775
34100000 -11770.8
34110000 -11799.4
34120000 -11781.6
34130000 -11783.3
34140000 -11801
34150000 -11773.4
34160000 -11776.5
34170000 -11784.9
34180000 -11808
34190000 -11795.1
34200000 -11795.5
34210000 -11781.5
34220000 -11795.9
34230000 -11798.4
34240000 -11776.6
34250000 -11812.3
34260000 -11787.7
34270000 -11806.4
34280000 -11767.3
34290000 -11764.6
34300000 -11795.4
34310000 -11762.1
34320000 -11796.6
34330000 -11787
34340000 -11784.7
34350000 -11775.6
34360000 -11785
34370000 -11790.8
34380000 -11775.6
34390000 -11769.5
34400000 -11771.6
34410000 -11796
34420000 -11806.7
34430000 -11800.5
34440000 -11804.2
34450000 -11791.5
34460000 -11809.7
34470000 -11785.2
34480000 -11762.1
34490000 -11774.5
34500000 -11793.4
34510000 -11797.4
34520000 -11788.8
34530000 -11774
34540000 -11790.8
34550000 -11771.8
34560000 -11786.4
34570000 -11791.2
34580000 -11785.3
34590000 -11783
34600000 -11771.3
34610000 -11763.7
34620000 -11753.7
34630000 -11771
34640000 -11794.9
34650000 -11784.7
34660000 -11775.8
34670000 -11787.4
34680000 -11783.5
34690000 -11789.7
34700000 -11772.2
34710000 -11768.2
34720000 -11795.2
34730000 -11793
34740000 -11764.5
34750000 -11782
34760000 -11793.7
34770000 -11780
34780000 -11760.4
34790000 -11795.7
34800000 -11783.9
34810000 -11761
34820000 -11803.1
34830000 -11796.5
34840000 -11774.3
34850000 -11773.7
34860000 -11780.5
34870000 -11797.5
34880000 -11768.2
34890000 -11795.6
34900000 -11796.7
34910000 -11805.9
34920000 -11770.3
34930000 -11791.3
34940000 -11784.6
34950000 -11795.8
34960000 -11791.9
34970000 -11779.3
34980000 -11779.1
34990000 -11806
35000000 -11808.5
35010000 -11759.1
35020000 -11773.5
35030000 -11760.3
35040000 -11781.5
35050000 -11770.8
35060000 -11795.3
35070000 -11799.1
35080000 -11787.3
35090000 -11777.4
35100000 -11775.8
35110000 -11781.4
35120000 -11769.7
35130000 -11783.4
35140000 -11777.3
35150000 -11805.5
35160000 -11795.6
35170000 -11783.6
35180000 -11800.3
35190000 -11766
35200000 -11791
35210000 -11798.5
35220000 -11770.8
35230000 -11791.7
35240000 -11783.6
35250000 -11771.7
35260000 -11791.2
35270000 -11793.2
35280000 -11791.7
35290000 -11786.5
35300000 -11789.6
35310000 -11787.1
35320000 -11790.2
35330000 -11803.8
35340000 -11786.7
35350000 -11790.6
35360000 -11782.5
35370000 -11799.4
35380000 -11777.9
35390000 -11794.8
35400000 -11802.6
35410000 -11785
35420000 -11768.2
35430000 -11796.3
35440000 -11803.3
35450000 -11774.4
35460000 -11778.5
35470000 -11804.8
35480000 -11785.7
35490000 -11823.1
35500000 -11768.3
35510000 -11775.4
35520000 -11784.1
35530000 -11779.3
35540000 -11763.2
35550000 -11770.2
35560000 -11781.7
35570000 -11772.1
35580000 -11802.8
35590000 -11800.9
35600000 -11783.9
35610000 -11766.6
35620000 -11805.1
35630000 -11776.9
35640000 -11756.2
35650000 -11799.3
35660000 -11795.6
35670000 -11765.9
35680000 -11773.9
35690000 -11807.3
35700000 -11796.8
35710000 -11794.3
35720000 -11776.8
35730000 -11759.1
35740000 -11786.6
35750000 -11789.2
35760000 -11781.2
35770000 -11798.4
35780000 -11803.2
35790000 -11747.2
35800000 -11793.9
35810000 -11786.8
35820000 -11826.6
35830000 -11796.3
35840000 -11760.7
35850000 -11798.9
35860000 -11773.1
35870000 -11788.4
35880000 -11774.6
35890000 -11778.1
35900000 -11795.2
35910000 -11787.5
35920000 -11772.5
35930000 -11781
35940000 -11761.4
35950000 -11770.5
35960000 -11773.6
35970000 -11773.3
35980000 -11804.9
35990000 -11786.2
36000000 -11775.4
36010000 -11794.8
36020000 -11755.3
36030000 -11751.9
36040000 -11790.6
36050000 -11788.9
36060000 -11774.1
36070000 -11798
36080000 -11797.8
36090000 -11774.9
36100000 -11801.2
36110000 -11777
36120000 -11783.3
36130000 -11767.7
36140000 -11771.2
36150000 -11779.5
36160000 -11780
36170000 -11761.6
36180000 -11784.5
36190000 -11753.9
36200000 -11779
36210000 -11792.2
36220000 -11771.3
36230000 -11800.6
36240000 -11772
36250000 -11803.2
36260000 -11769.2
36270000 -11769.6
36280000 -11797.6
36290000 -11776.6
36300000 -11771.5
36310000 -11788.7
36320000 -11787.7
36330000 -11778.4
36340000 -11780.6
36350000 -11771.6
36360000 -11790.1
36370000 -11791.7
36380000 -11787.7
36390000 -11782.8
36400000 -11788.6
36410000 -11815.2
36420000 -11785.5
36430000 -11795.9
36440000 -11791.8
36450000 -11765.9
36460000 -11785
36470000 -11792.8
36480000 -11774.6
36490000 -11775.4
36500000 -11801.5
36510000 -11780.2
36520000 -11771.6
36530000 -11785.7
36540000 -11785.8
36550000 -11795.2
36560000 -11790.3
36570000 -11785.8
36580000 -11799.6
36590000 -11769.7
36600000 -11769.9
36610000 -11794.4
36620000 -11785.1
36630000 -11799.5
36640000 -11796.7
36650000 -11795.9
36660000 -11804.7
36670000 -11763.4
36680000 -11793.3
36690000 -11782.3
36700000 -11798.1
36710000 -11800.9
36720000 -11783.9
36730000 -11772
36740000 -11782.5
36750000 -11787.6
36760000 -11772.6
36770000 -11809.9
36780000 -11780.9
36790000 -11768.7
36800000 -11793.6
36810000 -11787.6
36820000 -11770.4
36830000 -11784.1
36840000 -11790
36850000 -11775.1
36860000 -11819.7
36870000 -11800.2
36880000 -11767.9
36890000 -11754.2
36900000 -11766.6
36910000 -11803.3
36920000 -11804
36930000 -11783.1
36940000 -11791.8
36950000 -11782.4
36960000 -11795.1
36970000 -11784
36980000 -11775.9
36990000 -11786.3
37000000 -11790.1
37010000 -11800.9
37020000 -11761.7
37030000 -11794.5
37040000 -11796.3
37050000 -11769.8
37060000 -11801
37070000 -11763.3
37080000 -11799.3
37090000 -11777
37100000 -11785.4
37110000 -11772.3
37120000 -11789.6
37130000 -11784
37140000 -11796
37150000 -11770.6
37160000 -11785.4
37170000 -11806.7
37180000 -11805.1
37190000 -11786.1
37200000 -11779.9
37210000 -11781.7
37220000 -11805.6
37230000 -11772.8
37240000 -11780.6
37250000 -11787.9
37260000 -11784.4
37270000 -11779.6
37280000 -11776.3
37290000 -11769.9
37300000 -11784.3
37310000 -11764.1
37320000 -11777.7
37330000 -11794.6
37340000 -11779.8
37350000 -11796.5
37360000 -11800.2
37370000 -11784.9
37380000 -11812.8
37390000 -11797.5
37400000 -11814.4
37410000 -11791.7
37420000 -11800
37430000 -11797.8
37440000 -11780.2
37450000 -11764
37460000 -11768
37470000 -11758.1
37480000 -11781.3
37490000 -11769.5
37500000 -11809.2
37510000 -11779.3
37520000 -11786.9
37530000 -11769.7
37540000 -11784.4
37550000 -11780.3
37560000 -11795.7
37570000 -11789.9
37580000 -11806.5
37590000 -11808.9
37600000 -11787.7
37610000 -11768.4
37620000 -11786.8
37630000 -11768.4
37640000 -11775.1
37650000 -11788.6
37660000 -11785.1
37670000 -11770
37680000 -11779.4
37690000 -11796.3
37700000 -11782.6
37710000 -11779.6
37720000 -11783.7
37730000 -11786.3
37740000 -11766.6
37750000 -11775.4
37760000 -11767.1
37770000 -11807.7
37780000 -11783.1
37790000 -11796
37800000 -11770.5
37810000 -11792.4
37820000 -11781.4
37830000 -11776.3
37840000 -11770.9
37850000 -11777.5
37860000 -11806
37870000 -11752.3
37880000 -11810.8
37890000 -11776.6
37900000 -11789.2
37910000 -11779.1
37920000 -11786
37930000 -11778.6
37940000 -11774.3
37950000 -11787.8
37960000 -11776.4
37970000 -11796.6
37980000 -11769.1
37990000 -11773.1
38000000 -11787.9
38010000 -11786.5
38020000 -11784.5
38030000 -11787.5
38040000 -11776.3
38050000 -11810.1
38060000 -11787.9
38070000 -11760.7
38080000 -11809.2
38090000 -11758.5
38100000 -11788.4
38110000 -11793.8
38120000 -11787.8
38130000 -11778
38140000 -11792.1
38150000 -11769.1
38160000 -11796.3
38170000 -11799.3
38180000 -11780.2
38190000 -11772.3
38200000 -11771
38210000 -11806.3
38220000 -11779.5
38230000 -11786.8
38240000 -11784.8
38250000 -11765.6
38260000 -11787.5
38270000 -11790.8
38280000 -11782
38290000 -11777
38300000 -11780.8
38310000 -11778.1
38320000 -11791.7
38330000 -11768.8
38340000 -11786.5
38350000 -11791.8
38360000 -11756.7
38370000 -11786.3
38380000 -11792.6
38390000 -11817.3
38400000 -11772.7
38410000 -11788.2
38420000 -11784.5
38430000 -11774.2
38440000 -11769.9
38450000 -11773.1
38460000 -11766.2
38470000 -11763.1
38480000 -11789
38490000 -11775.7
38500000 -11785.4
38510000 -11774.2
38520000 -11798.5
38530000 -11780
38540000 -11783.2
38550000 -11804.5
38560000 -11788.5
38570000 -11774.1
38580000 -11762
38590000 -11782.5
38600000 -11781.7
38610000 -11758.6
38620000 -11793.1
38630000 -11807.2
38640000 -11787.4
38650000 -11783.4
38660000 -11787.8
38670000 -11766.4
38680000 -11778.4
38690000 -11771.6
38700000 -11774.8
38710000 -11791.6
38720000 -11792.9
38730000 -11764.5
38740000 -11787.8
38750000 -11792.3
38760000 -11777.2
38770000 -11798.6
38780000 -11804.8
38790000 -11784.6
38800000 -11796
38810000 -11773.4
38820000 -11789.7
38830000 -11785.1
38840000 -11798.1
38850000 -11762.1
38860000 -11789
38870000 -11795.2
38880000 -11803.2
38890000 -11783.2
38900000 -11777.2
38910000 -11788.8
38920000 -11779.2
38930000 -11777.9
38940000 -11776
38950000 -11804.7
38960000 -11771.8
38970000 -11777
38980000 -11775
38990000 -11783.8
39000000 -11783.7
39010000 -11779.9
39020000 -11769.1
39030000 -11816.2
39040000 -11768.5
39050000 -11773.2
39060000 -11814
39070000 -11786.5
39080000 -11770.5
39090000 -11754.6
39100000 -11781.6
39110000 -11769.4
39120000 -11807.9
39130000 -11784.7
39140000 -11776.4
39150000 -11784.1
39160000 -11799.1
39170000 -11773.5
39180000 -11767.6
39190000 -11775.2
39200000 -11796.6
39210000 -11788.2
39220000 -11766.6
39230000 -11794.2
39240000 -11778.6
39250000 -11765.8
39260000 -11783.9
39270000 -11781.1
39280000 -11809.9
39290000 -11792.5
39300000 -11777.9
39310000 -11773.4
39320000 -11771.4
39330000 -11777.4
39340000 -11779.7
39350000 -11771.4
39360000 -11811.9
39370000 -11785.5
39380000 -11776.5
39390000 -11810.3
39400000 -11798.7
39410000 -11795.8
39420000 -11791.7
39430000 -11786.9
39440000 -11785.1
39450000 -11781.9
39460000 -11779
39470000 -11790.6
39480000 -11781.9
39490000 -11781
39500000 -11766.8
39510000 -11782.8
39520000 -11770.9
39530000 -11782.6
39540000 -11756.6
39550000 -11791.3
39560000 -11771.6
39570000 -11785.7
39580000 -11762.4
39590000 -11796.8
39600000 -11804.4
39610000 -11799.5
39620000 -11763.3
39630000 -11801.7
39640000 -11794.5
39650000 -11773.3
39660000 -11797.2
39670000 -11772.3
39680000 -11759.3
39690000 -11795.9
39700000 -11829.3
39710000 -11761
39720000 -11813.2
39730000 -11769.6
39740000 -11785.1
39750000 -11789.7
39760000 -11777.2
39770000 -11799.4
39780000 -11774.4
39790000 -11795
39800000 -11792.7
39810000 -11782.4
39820000 -11802
39830000 -11786.5
39840000 -11787.8
39850000 -11777.9
39860000 -11807.1
39870000 -11767
39880000 -11803.8
39890000 -11808.7
39900000 -11787.2
39910000 -11764.8
39920000 -11777.9
39930000 -11782.2
39940000 -11780.6
39950000 -11801.5
39960000 -11753.2
39970000 -11782.1
39980000 -11794.7
39990000 -11786.8
40000000 -11775.2
40010000 -11777.9
40020000 -11769.2
40030000 -11782.2
40040000 -11783.8
40050000 -11785.4
40060000 -11806.8
40070000 -11784.5
40080000 -11788.8
40090000 -11793.5
40100000 -11791.7
40110000 -11785.5
40120000 -11788.7
40130000 -11784.5
40140000 -11766.5
40150000 -11793
40160000 -11789.9
40170000 -11790.7
40180000 -11783.6
40190000 -11795.2
40200000 -11762.1
40210000 -11799.2
40220000 -11785.2
40230000 -11788
40240000 -11785.4
40250000 -11765
40260000 -11786.4
40270000 -11812.7
40280000 -11796.9
40290000 -11772.8
40300000 -11770.2
40310000 -11798.2
40320000 -11791.6
40330000 -11786
40340000 -11791.4
40350000 -11769.4
40360000 -11776.9
40370000 -11785.2
40380000 -11787.1
40390000 -11795.5
40400000 -11788.2
40410000 -11791.7
40420000 -11777.2
40430000 -11767.7
40440000 -11769
40450000 -11763.9
40460000 -11811.4
40470000 -11773.7
40480000 -11786.2
40490000 -11793.9
40500000 -11798.2
40510000 -11794.8
40520000 -11791.9
40530000 -11775
40540000 -11774.5
40550000 -11781.9
40560000 -11801.3
40570000 -11777.6
40580000 -11775.9
40590000 -11791.3
40600000 -11788
40610000 -11777.4
40620000 -11781.8
40630000 -11775.7
40640000 -11754.7
40650000 -11772.4
40660000 -11804.1
40670000 -11781
40680000 -11794.4
40690000 -11775.5
40700000 -11776.2
40710000 -11784.3
40720000 -11777.9
40730000 -11796.4
40740000 -11804.2
40750000 -11794.8
40760000 -11776.8
40770000 -11786.6
40780000 -11774.8
40790000 -11786.2
40800000 -11804.7
40810000 -11783.2
40820000 -11780.5
40830000 -11788.7
40840000 -11784.5
40850000 -11766.1
40860000 -11786.7
40870000 -11776.1
40880000 -11771.3
40890000 -11788.8
40900000 -11787.2
40910000 -11782.7
40920000 -11793.8
40930000 -11766.9
40940000 -11782.6
40950000 -11787.9
40960000 -11780.1
40970000 -11766.8
40980000 -11794.3
40990000 -11787
41000000 -11786.4
41010000 -11789.2
41020000 -11797.3
41030000 -11798.3
41040000 -11790.4
41050000 -11777.9
41060000 -11801
41070000 -11776.7
41080000 -11776.3
41090000 -11785.2
41100000 -11801
41110000 -11766.1
41120000 -11795.8
41130000 -11800.7
41140000 -11804.5
41150000 -11812.1
41160000 -11785.3
41170000 -11779.1
41180000 -11796.7
41190000 -11794.2
41200000 -11788.9
41210000 -11793.9
41220000 -11786.6
41230000 -11799.7
41240000 -11803.1
41250000 -11799.4
41260000 -11778.7
41270000 -11789.3
41280000 -11787.5
41290000 -11782.9
41300000 -11774.2
41310000 -11800.6
41320000 -11796.5
41330000 -11781.8
41340000 -11776.9
41350000 -11775.9
41360000 -11782.7
41370000 -11785.3
41380000 -11779.5
41390000 -11811.9
41400000 -11792.8
41410000 -11786.1
41420000 -11772.3
41430000 -11761.2
41440000 -11775.8
41450000 -11801.4
41460000 -11793.3
41470000 -11801.4
41480000 -11790.5
41490000 -11769.1
41500000 -11793
41510000 -11781.2
41520000 -11776.6
41530000 -11776.7
41540000 -11765
41550000 -11799
41560000 -11789.7
41570000 -11764.8
41580000 -11783.4
41590000 -11776.4
41600000 -11788.6
41610000 -11779
41620000 -11758.2
41630000 -11782.8
