# Time-averaged data for fix PressAve
# TimeStep c_P
100000 -33.3116
200000 -28.1259
300000 34.1576
400000 -15.8599
500000 23.0888
600000 19.3719
700000 -13.4972
800000 -25.4578
900000 9.19822
1000000 0.361812
1100000 14.6303
1200000 3.25838
1300000 -16.9982
1400000 -29.0135
1500000 15.6226
1600000 -23.6315
1700000 34.2852
1800000 -19.8438
1900000 -11.5972
2000000 -12.6362
2100000 1.86223
2200000 -25.819
2300000 -24.1989
2400000 -7.20847
2500000 34.8562
2600000 35.0441
2700000 64.4369
2800000 -16.2825
2900000 -27.2646
3000000 13.1625
3100000 -0.293054
3200000 18.4007
3300000 54.8586
3400000 3.68381
3500000 15.6312
3600000 -17.3558
3700000 14.0058
3800000 -36.6911
3900000 32.4083
4000000 9.13749
4100000 -13.9731
4200000 -11.7459
4300000 8.90278
4400000 -64.0331
4500000 -53.5511
4600000 49.7628
4700000 14.473
4800000 1.54486
4900000 25.0329
5000000 22.3761
5100000 -20.0563
5200000 -25.9
5300000 66.7899
5400000 6.47595
5500000 5.82129
5600000 4.93656
5700000 17.943
5800000 -6.35222
5900000 0.0985854
6000000 -25.5708
6100000 -29.6393
6200000 -5.78192
6300000 34.9883
6400000 58.2699
6500000 -22.6104
6600000 -30.3438
6700000 -9.50216
6800000 11.6913
6900000 -11.4382
7000000 29.574
7100000 4.28603
7200000 -25.1204
7300000 -5.92879
7400000 -4.30472
7500000 35.1285
7600000 4.71154
7700000 3.76717
7800000 24.0323
7900000 14.828
8000000 48.9701
8100000 3.76691
8200000 -34.3676
8300000 -1.07035
8400000 -50.021
8500000 27.5909
8600000 20.7378
8700000 37.7362
8800000 49.3737
8900000 41.3016
9000000 17.8543
9100000 17.6211
9200000 33.6891
9300000 6.11359
9400000 -8.07275
9500000 19.9417
9600000 -3.54823
9700000 -28.0331
9800000 2.21964
9900000 -0.455412
10000000 7.56528
10100000 14.6399
10200000 -22.2864
10300000 -3.3643
10400000 62.437
10500000 34.2476
10600000 -36.0686
10700000 31.918
10800000 50.3924
10900000 -47.5331
11000000 -29.0497
11100000 -33.6022
11200000 -7.13066
11300000 -12.1534
11400000 32.4005
11500000 55.2601
11600000 20.0157
11700000 -10.2386
11800000 31.3736
11900000 -7.72464
12000000 41.9086
12100000 11.5869
12200000 27.5612
12300000 32.9245
12400000 -4.83433
12500000 43.6261
12600000 21.151
12700000 -16.9445
12800000 31.5265
12900000 -32.0638
13000000 -29.5143
13100000 -40.922
13200000 20.5582
13300000 -16.0792
13400000 37.2662
13500000 -8.17176
13600000 -38.008
13700000 -24.957
13800000 -1.92494
13900000 -67.2015
14000000 -11.3815
14100000 -34.6468
14200000 11.6851
14300000 3.322
14400000 -36.0114
14500000 10.3162
14600000 9.857
14700000 -3.49248
14800000 6.5582
14900000 -56.8985
15000000 -36.3592
15100000 9.22417
15200000 24.2826
15300000 -52.7792
15400000 -5.8622
15500000 0.277311
15600000 -3.63446
15700000 1.45691
15800000 -14.7632
15900000 5.91806
16000000 21.3788
16100000 -18.7761
16200000 -16.6972
16300000 12.4714
16400000 -6.81646
16500000 -18.3146
16600000 16.818
16700000 -49.0399
16800000 16.5315
16900000 31.184
17000000 -32.6746
17100000 -33.7085
17200000 -12.2536
17300000 -14.5617
17400000 15.4506
17500000 -2.07888
17600000 -22.0275
17700000 5.04209
17800000 9.38031
17900000 -3.92015
18000000 20.0924
18100000 16.2807
18200000 -47.1407
18300000 30.3344
18400000 22.2511
18500000 54.6027
18600000 3.80271
18700000 -2.45508
18800000 -35.8662
18900000 2.15759
19000000 -13.604
19100000 15.867
19200000 6.64696
19300000 -27.0024
19400000 5.4528
19500000 -31.0821
19600000 -10.4105
19700000 -0.433293
19800000 0.409404
19900000 -5.91325
20000000 16.3988
20100000 49.6723
20200000 -55.9953
20300000 -28.6971
20400000 -30.7226
20500000 -31.2301
20600000 -7.50552
20700000 -15.3908
20800000 -28.4214
20900000 28.5136
21000000 0.802076
21100000 -0.142153
21200000 23.1604
21300000 -7.68951
21400000 -29.9163
21500000 -17.1732
21600000 -18.6806
21700000 22.1712
21800000 -15.1271
21900000 17.1987
22000000 48.9091
22100000 -5.0846
22200000 -4.85846
22300000 3.96612
22400000 -11.3887
22500000 10.9338
22600000 -18.8569
22700000 -27.6118
22800000 -11.6771
22900000 -41.3689
23000000 -7.57411
23100000 -7.0189
23200000 43.5583
23300000 46.1691
23400000 20.5202
23500000 -15.7302
23600000 -6.55098
23700000 -12.439
23800000 -8.01916
23900000 33.96
24000000 -4.05562
24100000 -38.7162
24200000 -29.2868
24300000 -12.9827
24400000 5.92018
24500000 17.2524
24600000 -42.3325
24700000 18.3999
24800000 7.87661
24900000 24.8261
25000000 44.3461
25100000 -25.3077
25200000 -3.48193
25300000 -33.8893
25400000 24.4591
25500000 -60.4751
25600000 24.7124
25700000 -11.5567
25800000 -9.08554
25900000 11.2922
26000000 -39.716
26100000 -16.7887
26200000 15.5451
26300000 22.2785
26400000 2.14574
26500000 10.2514
26600000 28.3271
26700000 -6.95349
26800000 13.4335
26900000 26.4198
27000000 3.37406
27100000 -27.3805
27200000 26.6504
27300000 42.8624
27400000 -14.0273
27500000 14.4068
27600000 7.82649
27700000 35.4536
27800000 3.75867
27900000 2.71155
28000000 13.2323
28100000 -10.4847
28200000 -40.2731
28300000 43.1116
28400000 17.4911
28500000 18.3772
28600000 -14.457
28700000 12.0201
28800000 2.96789
28900000 32.0813
29000000 -7.30225
29100000 12.0323
29200000 7.7068
29300000 13.9112
29400000 -10.3281
29500000 0.14933
29600000 36.9285
29700000 36.2984
29800000 35.1586
29900000 -35.5868
30000000 43.6776
30100000 -12.5971
30200000 5.37438
30300000 42.2393
30400000 0.429184
30500000 22.7995
30600000 -7.75221
30700000 33.8815
30800000 -31.881
30900000 -39.9926
31000000 8.86262
31100000 15.6628
31200000 -64.5909
31300000 5.87312
31400000 60.712
31500000 -5.944
31600000 6.46586
31700000 -10.4291
31800000 -10.206
31900000 -90.8557
32000000 -16.3102
32100000 -7.91876
32200000 -36.0735
32300000 47.8759
32400000 -29.585
32500000 23.9846
32600000 -75.8459
32700000 -24.0345
32800000 15.5913
32900000 -20.2582
33000000 18.8128
33100000 -19.0502
33200000 34.6102
33300000 -8.36593
33400000 -23.4759
33500000 -22.2081
33600000 -24.3412
33700000 9.34816
33800000 29.5297
33900000 -9.31743
34000000 15.3767
34100000 35.9824
34200000 -30.7869
34300000 34.6124
34400000 56.6005
34500000 -30.3431
34600000 4.29802
34700000 -15.8827
34800000 6.26947
34900000 -2.6847
35000000 -21.5748
35100000 -11.4126
35200000 6.95191
35300000 51.0166
35400000 -4.46209
35500000 41.8396
35600000 -2.8861
35700000 -8.60831
35800000 -27.2849
35900000 -45.7511
36000000 22.9778
36100000 7.91064
36200000 3.01707
36300000 8.00086
36400000 -27.0811
36500000 11.4245
36600000 37.505
36700000 10.3395
36800000 -8.85509
36900000 18.5395
37000000 -17.8206
37100000 -41.4597
37200000 -23.8855
37300000 33.6291
37400000 -13.4926
37500000 12.6654
37600000 -10.4629
37700000 8.22596
37800000 -11.4395
37900000 39.2906
38000000 -25.011
38100000 7.56568
38200000 -11.6322
38300000 -16.1075
38400000 -28.937
38500000 8.6575
38600000 33.3839
38700000 19.3975
38800000 -45.8674
38900000 -22.3378
39000000 -22.2098
39100000 1.88519
39200000 44.3162
39300000 7.03446
39400000 24.8913
39500000 -15.2584
39600000 3.84289
39700000 -2.21296
39800000 28.5215
39900000 19.5195
40000000 26.5678
40100000 -14.3384
40200000 31.7647
40300000 6.42224
40400000 -35.2407
40500000 0.834385
40600000 17.6132
40700000 -33.1931
40800000 42.2094
40900000 5.59816
41000000 10.2149
41100000 -35.8824
41200000 34.925
41300000 20.2869
41400000 22.5942
41500000 -26.9853
41600000 6.39391
41700000 36.901
41800000 1.57132
41900000 9.61727
42000000 17.4941
42100000 -3.38638
42200000 38.9949
42300000 37.5277
42400000 -26.9572
42500000 39.5409
42600000 -51.0518
42700000 -19.406
42800000 -5.25186
42900000 -46.1929
43000000 -10.504
43100000 17.7936
43200000 -19.9473
43300000 -6.03081
43400000 -16.68
43500000 13.6729
43600000 -78.5794
43700000 -11.4793
43800000 -4.71317
43900000 -65.8948
44000000 38.4176
44100000 -16.029
44200000 -29.0281
44300000 -10.7741
44400000 5.3432
44500000 -20.5069
44600000 6.34586
44700000 -24.238
44800000 -7.53029
44900000 39.2725
45000000 14.6394
45100000 54.4816
45200000 -11.3009
45300000 -16.5266
45400000 23.4091
45500000 -41.1392
45600000 -29.6988
45700000 -12.9594
45800000 10.8367
45900000 -29.2896
46000000 13.634
46100000 -3.66828
46200000 -36.3961
46300000 -44.6567
46400000 -34.5593
46500000 -3.43437
46600000 -38.0087
46700000 11.0784
46800000 -38.7174
46900000 -33.7786
47000000 -6.76752
47100000 -59.2991
47200000 29.5013
47300000 51.2055
47400000 18.4937
47500000 -55.1535
47600000 45.0566
47700000 -53.2712
47800000 17.832
47900000 -33.0856
48000000 -11.2742
48100000 25.5921
48200000 49.9492
48300000 39.1059
48400000 -16.3728
48500000 0.443727
48600000 -21.0091
48700000 15.3184
48800000 58.6862
48900000 3.49789
49000000 -9.13545
49100000 -33.2898
49200000 7.9933
49300000 6.33456
49400000 -4.12429
49500000 14.9842
49600000 42.4664
49700000 8.33456
49800000 45.8957
49900000 4.81796
50000000 28.4464
50100000 -18.3
50200000 -10.9983
50300000 32.3281
50400000 -43.0348
50500000 -1.7849
50600000 -46.6623
50700000 3.99487
50800000 -33.2646
50900000 -14.7579
51000000 -9.94248
51100000 -41.9907
51200000 -12.2586
51300000 -15.5645
51400000 29.8983
51500000 26.4892
51600000 14.4855
51700000 18.8752
51800000 -18.6561
51900000 -0.476942
52000000 14.3074
52100000 -13.053
52200000 16.235
52300000 4.49835
52400000 21.9356
52500000 25.9957
52600000 23.3041
52700000 -47.968
52800000 -37.8082
52900000 7.36302
53000000 -18.085
53100000 20.4842
53200000 -17.0395
53300000 16.8479
53400000 -11.9472
53500000 17.6284
53600000 -52.2523
53700000 19.5499
53800000 -3.95427
53900000 5.00788
54000000 -7.4296
54100000 -15.6134
54200000 34.5106
54300000 1.64318
54400000 4.22333
54500000 47.7627
54600000 -2.20352
54700000 -0.660008
54800000 9.07783
54900000 -26.6108
55000000 -42.7938
55100000 23.4511
55200000 10.4167
55300000 -4.00874
55400000 -18.9858
55500000 -2.82186
55600000 9.30163
55700000 -26.7848
55800000 -35.3728
55900000 -23.7986
56000000 30.9239
56100000 6.57421
56200000 -26.0602
56300000 4.12917
56400000 7.06593
56500000 35.0413
56600000 -42.9188
56700000 -31.0644
56800000 -40.391
56900000 -42.2438
57000000 -20.1927
57100000 -10.6697
57200000 13.8386
57300000 8.40731
57400000 -86.9431
57500000 -23.7531
57600000 -14.6187
57700000 8.81044
57800000 -15.6704
57900000 8.67817
58000000 -2.35331
58100000 -44.5174
58200000 25.9243
58300000 -1.66307
58400000 -2.99758
58500000 -17.2663
58600000 -39.3316
58700000 13.8951
58800000 31.1447
58900000 -12.4264
59000000 9.19648
59100000 17.5778
59200000 -14.6078
59300000 -57.3829
59400000 -31.0877
59500000 -7.62493
59600000 -46.763
59700000 11.3406
59800000 51.8346
59900000 19.2946
60000000 4.44939
60100000 -10.6431
60200000 -31.3482
60300000 -38.5966
60400000 -15.9027
60500000 -14.7065
60600000 20.0126
60700000 -13.9712
60800000 23.1463
60900000 -27.5718
61000000 44.9481
61100000 -5.58142
61200000 24.9767
61300000 2.44724
61400000 25.7871
61500000 25.8719
61600000 37.9789
61700000 24.1132
61800000 5.53013
61900000 -23.1634
62000000 -12.7928
62100000 14.3163
62200000 -20.0422
62300000 3.28072
62400000 17.6931
62500000 53.4569
62600000 -22.7762
62700000 22.2972
62800000 3.74027
62900000 3.84021
63000000 4.61164
63100000 -23.4566
63200000 24.1142
63300000 35.2595
63400000 27.5124
63500000 35.8079
63600000 10.0859
63700000 15.0547
63800000 -27.6259
63900000 28.952
64000000 44.6524
64100000 27.5762
64200000 -30.305
64300000 -59.8862
64400000 -0.859516
64500000 29.2927
64600000 -10.5726
64700000 -13.5948
64800000 14.5484
64900000 39.2361
65000000 -14.218
65100000 -21.7221
65200000 19.3741
65300000 28.2501
65400000 -3.60017
65500000 27.947
65600000 -42.6873
65700000 -30.4554
65800000 -36.2029
65900000 -47.0852
66000000 -33.7302
66100000 -25.447
66200000 -41.4188
66300000 33.1102
66400000 26.9568
66500000 -5.56083
66600000 15.6052
66700000 73.9794
66800000 -36.3918
66900000 31.0793
67000000 3.53066
67100000 16.0372
67200000 9.45426
67300000 -5.38688
67400000 10.1531
67500000 51.2255
67600000 -9.07854
67700000 14.451
67800000 41.4704
67900000 10.2708
68000000 -0.236526
68100000 -16.1464
68200000 -15.7254
68300000 -6.04218
68400000 -45.5647
68500000 -2.22485
68600000 -8.15351
68700000 1.69327
68800000 -35.3293
68900000 53.4194
69000000 -17.648
69100000 12.8439
69200000 -21.4687
69300000 33.2417
69400000 52.3913
69500000 5.8233
69600000 12.1712
69700000 -0.862538
69800000 33.7099
69900000 -5.16718
70000000 17.4694
70100000 46.11
70200000 9.05053
70300000 16.6215
70400000 3.0967
70500000 -12.1437
70600000 16.4253
70700000 5.94526
70800000 26.8347
70900000 -20.2699
71000000 -8.54396
71100000 -20.9187
71200000 32.3987
71300000 7.51051
71400000 -12.5933
71500000 -22.8201
71600000 -0.717888
71700000 -58.2389
71800000 38.954
71900000 59.7761
72000000 15.5831
72100000 -23.6063
72200000 3.43154
72300000 20.3601
72400000 -20.7782
72500000 23.9767
72600000 35.7506
72700000 -8.00127
72800000 6.99049
72900000 -32.5479
73000000 -12.5123
73100000 3.63443
73200000 0.448021
73300000 -9.0882
73400000 5.63514
73500000 3.36601
73600000 29.0652
73700000 32.3125
73800000 -10.2257
73900000 12.7543
74000000 31.0177
74100000 -16.8138
74200000 -26.4602
74300000 -7.48901
74400000 5.63717
74500000 -1.98395
74600000 -9.94184
74700000 -1.23283
74800000 2.31196
74900000 -25.2364
75000000 -30.0444
75100000 9.42132
75200000 -29.3038
75300000 52.3269
75400000 -10.8533
75500000 -5.08862
75600000 -11.0833
75700000 10.423
75800000 40.5494
75900000 -26.6682
76000000 63.5469
76100000 34.7785
76200000 -1.39859
76300000 40.2721
76400000 43.5243
76500000 -7.8555
76600000 -1.71433
76700000 28.8415
76800000 19.3049
76900000 8.75007
77000000 -24.2978
77100000 16.6708
77200000 -24.2244
77300000 34.4652
77400000 37.357
77500000 -0.251838
77600000 19.0165
77700000 -25.1645
77800000 3.24712
77900000 7.41337
78000000 29.4101
78100000 -21.4112
78200000 89.876
78300000 -13.0064
78400000 -21.9014
78500000 -23.0317
78600000 27.4656
78700000 -2.02967
78800000 16.6637
78900000 51.9399
79000000 4.7888
79100000 57.8706
79200000 -16.179
79300000 24.3253
79400000 -34.2897
79500000 10.0455
79600000 -25.3251
79700000 57.7439
79800000 -12.6694
79900000 8.62868
80000000 -22.6366
80100000 18.0209
80200000 3.53693
80300000 -9.96219
80400000 22.2357
80500000 24.0879
80600000 29.6759
80700000 44.4478
80800000 -22.4011
80900000 10.2645
81000000 -11.7207
81100000 -13.6185
81200000 -3.66012
81300000 12.2554
81400000 25.3724
81500000 -3.26133
81600000 -19.4743
81700000 -31.8254
81800000 17.5723
81900000 16.9413
82000000 -38.2224
82100000 -9.51695
82200000 4.48993
82300000 20.0168
82400000 -55.3656
82500000 -13.5684
82600000 -29.3238
82700000 -9.3666
82800000 8.27914
82900000 -52.1179
83000000 19.9522
83100000 -50.7119
83200000 -0.0457952
83300000 -26.9627
83400000 -8.02349
83500000 -6.92345
83600000 -11.0586
83700000 -5.86616
83800000 0.602351
83900000 -3.34297
84000000 2.32268
84100000 10.8576
84200000 23.6969
84300000 6.23105
84400000 14.3272
84500000 17.8693
84600000 8.9392
84700000 -23.0139
84800000 -1.7459
84900000 10.6512
85000000 15.06
85100000 -52.8797
85200000 -1.65386
85300000 22.5738
85400000 19.8653
85500000 6.20595
85600000 21.8493
85700000 -5.2407
85800000 -10.9369
85900000 61.3059
86000000 20.2829
86100000 4.74119
86200000 -14.3902
86300000 -9.27703
86400000 -42.4917
86500000 0.105561
86600000 -65.3257
86700000 31.8597
86800000 12.1329
86900000 -30.8004
87000000 -1.35409
87100000 -12.9034
87200000 44.1352
87300000 -5.82629
87400000 31.9718
87500000 -4.45411
87600000 5.16971
87700000 20.1829
87800000 -16.2482
87900000 -2.88144
88000000 -34.529
88100000 -30.0039
88200000 -4.22324
88300000 13.4062
88400000 18.4514
88500000 44.2422
88600000 16.8396
88700000 24.2267
88800000 -81.2322
88900000 57.394
89000000 54.4805
89100000 -36.188
89200000 17.3431
89300000 -16.503
89400000 26.2285
89500000 -20.1681
89600000 32.1047
89700000 -9.43954
89800000 -29.7506
89900000 2.02208
90000000 43.8212
90100000 -22.132
90200000 9.72495
90300000 -9.46562
90400000 -27.5348
90500000 -6.59672
90600000 -5.09713
90700000 9.10622
90800000 -8.97965
90900000 20.4529
91000000 18.6255
91100000 -48.7137
91200000 -14.4182
91300000 -12.2359
91400000 -18.2431
91500000 -8.8307
91600000 21.6031
91700000 81.0763
91800000 16.8105
91900000 58.311
92000000 10.884
92100000 20.9874
92200000 18.8193
92300000 -7.84152
92400000 -9.06325
92500000 73.7364
92600000 -38.6434
92700000 16.3144
92800000 7.45797
92900000 16.2028
93000000 50.0252
93100000 18.1892
93200000 -51.8639
93300000 18.7612
93400000 13.184
93500000 -40.1173
93600000 12.7291
93700000 -11.7752
93800000 16.3685
93900000 34.667
94000000 -0.982809
94100000 7.00463
94200000 22.6071
94300000 7.83265
94400000 8.71037
94500000 6.43706
94600000 3.93617
94700000 -14.9618
94800000 23.8248
94900000 -55.715
95000000 -33.7033
95100000 1.64378
95200000 17.8909
95300000 10.3795
95400000 62.5322
95500000 2.51829
95600000 -35.3863
95700000 5.53599
95800000 8.42948
95900000 -10.1026
96000000 2.62666
96100000 60.6317
96200000 52.8948
96300000 5.63162
96400000 15.4353
96500000 -21.0574
96600000 -15.8667
96700000 -63.1078
96800000 -41.6333
96900000 18.6498
97000000 37.4258
97100000 -20.5985
97200000 3.63859
97300000 21.2931
97400000 -8.32709
97500000 -22.3463
97600000 -26.7112
97700000 -10.3081
97800000 -41.9073
97900000 2.75206
98000000 0.0322585
98100000 -36.585
98200000 -10.0569
98300000 37.4843
98400000 16.1584
98500000 12.5198
98600000 -31.1715
98700000 14.9973
98800000 3.4717
98900000 21.834
99000000 39.6255
99100000 -11.0462
99200000 33.9094
99300000 5.85787
99400000 -29.6364
99500000 9.34358
99600000 11.6654
99700000 28.6702
99800000 -16.326
99900000 -24.3371
100000000 -9.82764
