#NOTE: MSDs should be divided by the temperature.
#NOTE: MSDs have been divided by 2 or 10 (i.e., the viscosity computed from all components).
#Time	MSD_xx	MSD_yy	MSD_zz	MSD_xy	MSD_xz	MSD_yz	MSD_off	MSD_all	MSD_bulkvisc
 20 5.65502e+09 5.67764e+09 5.68313e+09 5.67316e+09 5.68605e+09 5.69708e+09 5.68543e+09 5.68003e+09 7.17147e+09
 40 1.77861e+10 1.788e+10 1.78989e+10 1.78455e+10 1.78927e+10 1.79482e+10 1.78955e+10 1.78793e+10 2.62052e+10
 60 3.14416e+10 3.16392e+10 3.1665e+10 3.15325e+10 3.16278e+10 3.17612e+10 3.16405e+10 3.16171e+10 5.41308e+10
 80 4.48006e+10 4.51058e+10 4.5121e+10 4.48928e+10 4.50321e+10 4.52775e+10 4.50675e+10 4.50441e+10 8.88227e+10
 100 5.8109e+10 5.85199e+10 5.85174e+10 5.81736e+10 5.83539e+10 5.87624e+10 5.84299e+10 5.84108e+10 1.28619e+11
 120 7.26323e+10 7.31605e+10 7.31369e+10 7.26623e+10 7.28938e+10 7.35116e+10 7.30226e+10 7.30042e+10 1.72443e+11
 140 8.94034e+10 9.00808e+10 9.00347e+10 8.94323e+10 8.97166e+10 9.05769e+10 8.99086e+10 8.9881e+10 2.19657e+11
 160 1.08506e+11 1.09375e+11 1.09304e+11 1.08571e+11 1.08898e+11 1.10031e+11 1.09167e+11 1.09125e+11 2.69721e+11
 180 1.29353e+11 1.30448e+11 1.30342e+11 1.29477e+11 1.29825e+11 1.31274e+11 1.30192e+11 1.30134e+11 3.2214e+11
 200 1.51355e+11 1.52695e+11 1.52541e+11 1.51537e+11 1.51878e+11 1.53686e+11 1.52367e+11 1.52299e+11 3.76536e+11
 220 1.7427e+11 1.75872e+11 1.75652e+11 1.74511e+11 1.74808e+11 1.77006e+11 1.75442e+11 1.75371e+11 4.32677e+11
 240 1.98132e+11 2.00026e+11 1.99713e+11 1.98457e+11 1.98676e+11 2.01284e+11 1.99472e+11 1.99399e+11 4.90475e+11
 260 2.23025e+11 2.25257e+11 2.2483e+11 2.23473e+11 2.23604e+11 2.26638e+11 2.24571e+11 2.24491e+11 5.49923e+11
 280 2.48964e+11 2.51578e+11 2.51023e+11 2.49558e+11 2.49609e+11 2.53082e+11 2.50749e+11 2.50658e+11 6.11032e+11
 300 2.75877e+11 2.78908e+11 2.78219e+11 2.76621e+11 2.76608e+11 2.80542e+11 2.77924e+11 2.77821e+11 6.73801e+11
 320 3.03676e+11 3.07153e+11 3.06332e+11 3.04556e+11 3.04494e+11 3.08924e+11 3.05991e+11 3.05883e+11 7.3822e+11
 340 3.32306e+11 3.36244e+11 3.35299e+11 3.33303e+11 3.33202e+11 3.38157e+11 3.34887e+11 3.34779e+11 8.04289e+11
 360 3.61745e+11 3.66159e+11 3.65102e+11 3.62868e+11 3.62722e+11 3.68204e+11 3.64598e+11 3.64493e+11 8.72018e+11
 380 3.92001e+11 3.96901e+11 3.95748e+11 3.93269e+11 3.9306e+11 3.99045e+11 3.95125e+11 3.95028e+11 9.41431e+11
 400 4.23069e+11 4.28463e+11 4.27223e+11 4.24489e+11 4.24199e+11 4.30676e+11 4.26454e+11 4.26373e+11 1.01255e+12
 400 4.22831e+11 4.29371e+11 4.27181e+11 4.25083e+11 4.24665e+11 4.29619e+11 4.26455e+11 4.26458e+11 1.01173e+12
 800 1.17915e+12 1.19729e+12 1.19298e+12 1.18313e+12 1.17867e+12 1.198e+12 1.1866e+12 1.18788e+12 2.76796e+12
 1200 2.11197e+12 2.14791e+12 2.1336e+12 2.10801e+12 2.11381e+12 2.14418e+12 2.122e+12 2.12566e+12 4.95584e+12
 1600 3.14601e+12 3.20699e+12 3.18022e+12 3.12798e+12 3.15003e+12 3.19645e+12 3.15816e+12 3.16599e+12 7.41759e+12
 2000 4.2485e+12 4.33413e+12 4.29593e+12 4.20295e+12 4.24679e+12 4.32058e+12 4.25678e+12 4.27121e+12 1.0058e+13
 2400 5.39863e+12 5.50557e+12 5.45824e+12 5.31201e+12 5.37965e+12 5.49535e+12 5.39567e+12 5.41906e+12 1.28281e+13
 2800 6.5848e+12 6.70891e+12 6.6567e+12 6.44652e+12 6.53956e+12 6.70674e+12 6.56427e+12 6.59862e+12 1.56836e+13
 3200 7.79778e+12 7.92804e+12 7.87574e+12 7.59649e+12 7.71606e+12 7.94752e+12 7.75336e+12 7.79889e+12 1.8582e+13
 3600 9.02797e+12 9.16484e+12 9.11027e+12 8.7488e+12 8.9043e+12 9.20527e+12 8.95279e+12 9.01208e+12 2.15229e+13
 4000 1.0271e+13 1.04159e+13 1.03572e+13 9.90709e+12 1.01003e+13 1.04689e+13 1.01588e+13 1.02345e+13 2.44874e+13
 4400 1.15263e+13 1.16751e+13 1.16114e+13 1.10752e+13 1.13059e+13 1.1732e+13 1.1371e+13 1.14643e+13 2.7465e+13
 4800 1.27877e+13 1.29371e+13 1.28726e+13 1.22476e+13 1.25176e+13 1.29955e+13 1.25869e+13 1.26985e+13 3.04695e+13
 5200 1.40515e+13 1.41998e+13 1.41322e+13 1.34249e+13 1.37298e+13 1.42576e+13 1.38041e+13 1.39336e+13 3.34926e+13
 5600 1.53172e+13 1.54619e+13 1.53886e+13 1.46032e+13 1.4946e+13 1.55209e+13 1.50234e+13 1.51697e+13 3.65469e+13
 6000 1.65819e+13 1.67227e+13 1.66395e+13 1.57799e+13 1.6157e+13 1.67833e+13 1.62401e+13 1.64033e+13 3.96193e+13
 6400 1.78503e+13 1.79852e+13 1.78871e+13 1.69611e+13 1.73651e+13 1.80481e+13 1.74581e+13 1.76379e+13 4.27036e+13
 6800 1.91282e+13 1.92536e+13 1.91403e+13 1.81477e+13 1.85726e+13 1.93188e+13 1.86797e+13 1.88775e+13 4.57961e+13
 7200 2.04103e+13 2.05236e+13 2.0398e+13 1.93409e+13 1.97774e+13 2.05944e+13 1.99042e+13 2.01201e+13 4.89012e+13
 7600 2.16956e+13 2.17964e+13 2.16596e+13 2.05444e+13 2.09762e+13 2.18741e+13 2.11315e+13 2.13658e+13 5.20189e+13
 8000 2.29773e+13 2.30685e+13 2.293e+13 2.17563e+13 2.21707e+13 2.31611e+13 2.23627e+13 2.26144e+13 5.51558e+13
 8000 2.28858e+13 2.29752e+13 2.25813e+13 2.1057e+13 2.16384e+13 2.29953e+13 2.18969e+13 2.22638e+13 5.42999e+13
 16000 4.88526e+13 4.7921e+13 4.9588e+13 4.61788e+13 4.58371e+13 4.89688e+13 4.69949e+13 4.77118e+13 1.17876e+14
 24000 7.53715e+13 7.30486e+13 7.75994e+13 7.08997e+13 7.11758e+13 7.66153e+13 7.28969e+13 7.38741e+13 1.8589e+14
 32000 1.00555e+14 9.68772e+13 1.05277e+14 9.65058e+13 9.6593e+13 1.05085e+14 9.93946e+13 9.99981e+13 2.55889e+14
 40000 1.26747e+14 1.20603e+14 1.33888e+14 1.22841e+14 1.22508e+14 1.32075e+14 1.25808e+14 1.26316e+14 3.25677e+14
 48000 1.52221e+14 1.43611e+14 1.62588e+14 1.46945e+14 1.50458e+14 1.5881e+14 1.52071e+14 1.52365e+14 3.98592e+14
 56000 1.75489e+14 1.65568e+14 1.92111e+14 1.69238e+14 1.77792e+14 1.85259e+14 1.7743e+14 1.77547e+14 4.70528e+14
 64000 1.97954e+14 1.8592e+14 2.20771e+14 1.90342e+14 2.05489e+14 2.11697e+14 2.02509e+14 2.02125e+14 5.39543e+14
 72000 2.19525e+14 2.07754e+14 2.4907e+14 2.10662e+14 2.33002e+14 2.38156e+14 2.27274e+14 2.26544e+14 6.09687e+14
 80000 2.41496e+14 2.28863e+14 2.7557e+14 2.31747e+14 2.59623e+14 2.64617e+14 2.51996e+14 2.50655e+14 6.78642e+14
 88000 2.62723e+14 2.49297e+14 3.01134e+14 2.53299e+14 2.86138e+14 2.9072e+14 2.76719e+14 2.74452e+14 7.50932e+14
 96000 2.85007e+14 2.69946e+14 3.25629e+14 2.7537e+14 3.12324e+14 3.1704e+14 3.01578e+14 2.98358e+14 8.23348e+14
 104000 3.08354e+14 2.90713e+14 3.52183e+14 2.97407e+14 3.37798e+14 3.41768e+14 3.25658e+14 3.22228e+14 8.93947e+14
 112000 3.32994e+14 3.10719e+14 3.79055e+14 3.17388e+14 3.64111e+14 3.66289e+14 3.49263e+14 3.45927e+14 9.63841e+14
 120000 3.57384e+14 3.31688e+14 4.05823e+14 3.3682e+14 3.89708e+14 3.90386e+14 3.72305e+14 3.69369e+14 1.03225e+15
 128000 3.81857e+14 3.52454e+14 4.32365e+14 3.55667e+14 4.15909e+14 4.15548e+14 3.95708e+14 3.92982e+14 1.10441e+15
 136000 4.05627e+14 3.73221e+14 4.57391e+14 3.75214e+14 4.41584e+14 4.40409e+14 4.19069e+14 4.16273e+14 1.17661e+15
 144000 4.30287e+14 3.94438e+14 4.80972e+14 3.94126e+14 4.68151e+14 4.64884e+14 4.42387e+14 4.39525e+14 1.24514e+15
 152000 4.54421e+14 4.15811e+14 5.04994e+14 4.1312e+14 4.95133e+14 4.89759e+14 4.66004e+14 4.62966e+14 1.31629e+15
 160000 4.78365e+14 4.36151e+14 5.27469e+14 4.31465e+14 5.22796e+14 5.16459e+14 4.9024e+14 4.86409e+14 1.38936e+15
 160000 4.30357e+14 4.33231e+14 5.23204e+14 3.92277e+14 5.17543e+14 5.4395e+14 4.8459e+14 4.7566e+14 1.22969e+15
 320000 9.83063e+14 8.68333e+14 1.05965e+15 6.84002e+14 9.86194e+14 1.05396e+15 9.08052e+14 9.32971e+14 2.48841e+15
 480000 1.50619e+15 1.25686e+15 1.60469e+15 9.7432e+14 1.52556e+15 1.74323e+15 1.41437e+15 1.43099e+15 3.46383e+15
 640000 1.98068e+15 1.52776e+15 2.19506e+15 1.17164e+15 2.06752e+15 2.49174e+15 1.9103e+15 1.90665e+15 4.23465e+15
 800000 2.38653e+15 1.76858e+15 2.83383e+15 1.37761e+15 2.68118e+15 3.27515e+15 2.44465e+15 2.39865e+15 5.03039e+15
 960000 2.73582e+15 2.01902e+15 3.4558e+15 1.46669e+15 3.16319e+15 4.18626e+15 2.93871e+15 2.85798e+15 5.79002e+15
 1.12e+06 3.03768e+15 2.37585e+15 4.00268e+15 1.70994e+15 3.45613e+15 4.90432e+15 3.35679e+15 3.26957e+15 6.41029e+15
 1.28e+06 3.35407e+15 2.73341e+15 4.49724e+15 1.88797e+15 3.81413e+15 5.57972e+15 3.76061e+15 3.66766e+15 6.73395e+15
 1.44e+06 3.75617e+15 3.00324e+15 4.8252e+15 2.02848e+15 4.1095e+15 6.21942e+15 4.11913e+15 4.01609e+15 6.93704e+15
 1.6e+06 4.11244e+15 3.18912e+15 5.05488e+15 2.30003e+15 4.46382e+15 6.80878e+15 4.52421e+15 4.36205e+15 7.16269e+15
 1.76e+06 4.45426e+15 3.53235e+15 5.2244e+15 2.64394e+15 4.94288e+15 7.22792e+15 4.93825e+15 4.72442e+15 7.39379e+15
 1.92e+06 4.70858e+15 3.82288e+15 5.4315e+15 3.00549e+15 5.42357e+15 7.62849e+15 5.35252e+15 5.07324e+15 7.65693e+15
 2.08e+06 4.88581e+15 4.10178e+15 5.51396e+15 3.32474e+15 5.90905e+15 7.91178e+15 5.71519e+15 5.36265e+15 7.87053e+15
 2.24e+06 5.11388e+15 4.4308e+15 5.79947e+15 3.63098e+15 6.3315e+15 8.20745e+15 6.05664e+15 5.67987e+15 7.95287e+15
 2.4e+06 5.5349e+15 4.78366e+15 6.21658e+15 3.76798e+15 6.94183e+15 8.08197e+15 6.26393e+15 5.96304e+15 7.89386e+15
 2.56e+06 6.11494e+15 5.20796e+15 6.54347e+15 4.03926e+15 7.33597e+15 7.93846e+15 6.4379e+15 6.24492e+15 8.02543e+15
 2.72e+06 6.82288e+15 5.53654e+15 6.6265e+15 4.33324e+15 7.61539e+15 7.78001e+15 6.57621e+15 6.47718e+15 8.12708e+15
 2.88e+06 7.55161e+15 5.88627e+15 6.59747e+15 4.67239e+15 8.01404e+15 7.61113e+15 6.76585e+15 6.73089e+15 8.37749e+15
 3.04e+06 8.18353e+15 6.1945e+15 6.69534e+15 5.03523e+15 8.45354e+15 7.47022e+15 6.98633e+15 7.00158e+15 8.63631e+15
 3.2e+06 8.86404e+15 6.53559e+15 6.95839e+15 5.55193e+15 8.86867e+15 7.38323e+15 7.26795e+15 7.34184e+15 9.18796e+15
 3.2e+06 9.74693e+15 8.38947e+15 7.69951e+15 8.38853e+15 1.14572e+16 8.39485e+15 9.41354e+15 9.09291e+15 1.10883e+16
 6.4e+06 1.05614e+16 1.64237e+16 2.07807e+16 1.521e+16 1.71753e+16 1.44151e+16 1.56001e+16 1.57288e+16 1.63135e+16
 9.6e+06 1.55702e+16 2.89982e+16 3.35473e+16 2.98185e+16 2.40915e+16 3.30162e+15 1.90705e+16 2.18578e+16 2.9289e+16
 1.28e+07 1.82405e+16 5.49299e+16 5.87332e+16 2.86261e+16 1.38317e+16 4.39643e+14 1.42991e+16 2.61666e+16 4.63423e+16
 1.6e+07 6.07078e+15 1.31822e+17 8.13152e+16 5.63262e+16 1.6814e+13 6.69355e+15 2.10122e+16 4.18351e+16 5.08016e+16
