# Time-averaged data for fix PEAve
# TimeStep v_PotEn
100000 -13602.9
200000 -13603.2
300000 -13607.3
400000 -13602.1
500000 -13607.5
600000 -13601.7
700000 -13604.5
800000 -13601.6
900000 -13604.6
1000000 -13606.3
1100000 -13601.7
1200000 -13597.3
1300000 -13615.9
1400000 -13599.4
1500000 -13606.4
1600000 -13595
1700000 -13601.9
1800000 -13599.3
1900000 -13601.4
2000000 -13604.7
2100000 -13599.7
2200000 -13606.2
2300000 -13603.9
2400000 -13606.5
2500000 -13604.9
2600000 -13603.6
2700000 -13601.5
2800000 -13603.6
2900000 -13603.9
3000000 -13596.3
3100000 -13600.5
3200000 -13598.9
3300000 -13604.7
3400000 -13595.3
3500000 -13599.2
3600000 -13605.6
3700000 -13604.9
3800000 -13602.9
3900000 -13603.8
4000000 -13598.6
4100000 -13596.7
4200000 -13603.7
4300000 -13602.6
4400000 -13607.3
4500000 -13601.2
4600000 -13603.6
4700000 -13603.5
4800000 -13605.6
4900000 -13603.1
5000000 -13611.2
5100000 -13598.3
5200000 -13605.4
5300000 -13600.4
5400000 -13605
5500000 -13606
5600000 -13601.8
5700000 -13597.6
5800000 -13611.2
5900000 -13601.2
6000000 -13596
6100000 -13596.8
6200000 -13602.4
6300000 -13600.1
6400000 -13596.5
6500000 -13605.9
6600000 -13602.3
6700000 -13601.4
6800000 -13606.8
6900000 -13609.3
7000000 -13609
7100000 -13601
7200000 -13605.5
7300000 -13600.5
7400000 -13603.1
7500000 -13601.4
7600000 -13606
7700000 -13602.1
7800000 -13603.9
7900000 -13604.3
8000000 -13598.3
8100000 -13602.9
8200000 -13594
8300000 -13603.6
8400000 -13601
8500000 -13602.3
8600000 -13600.9
8700000 -13607.7
8800000 -13599
8900000 -13606.2
9000000 -13603.3
9100000 -13601.6
9200000 -13605.1
9300000 -13600
9400000 -13601.6
9500000 -13608.6
9600000 -13606.7
9700000 -13607.1
9800000 -13598.1
9900000 -13600
10000000 -13604.8
10100000 -13598.1
10200000 -13598.8
10300000 -13599.3
10400000 -13611.1
10500000 -13612.6
10600000 -13601.4
10700000 -13593.7
10800000 -13601.8
10900000 -13609.1
11000000 -13595.2
11100000 -13603.6
11200000 -13603.8
11300000 -13600.5
11400000 -13612.1
11500000 -13595.5
11600000 -13596.1
11700000 -13605.9
11800000 -13601
11900000 -13610.7
12000000 -13601.5
12100000 -13601.9
12200000 -13599.8
12300000 -13596.5
12400000 -13600.6
12500000 -13604.6
12600000 -13597.8
12700000 -13609.6
12800000 -13600.3
12900000 -13601.9
13000000 -13601.7
13100000 -13597.2
13200000 -13594.3
13300000 -13606.8
13400000 -13599.6
13500000 -13607.7
13600000 -13613.3
13700000 -13607.2
13800000 -13604.9
13900000 -13593.3
14000000 -13601.3
14100000 -13605.1
14200000 -13610.6
14300000 -13606.2
14400000 -13597.3
14500000 -13603.9
14600000 -13606.1
14700000 -13603.8
14800000 -13600.3
14900000 -13600.6
15000000 -13604
15100000 -13609.2
15200000 -13601.8
15300000 -13598.5
15400000 -13602.1
15500000 -13602.8
15600000 -13605.3
15700000 -13609.1
15800000 -13610.5
15900000 -13603.8
16000000 -13609.1
16100000 -13606.7
16200000 -13600.2
16300000 -13605.7
16400000 -13597.1
16500000 -13603.4
16600000 -13599.5
16700000 -13598
16800000 -13604
16900000 -13606.1
17000000 -13597.9
17100000 -13600.2
17200000 -13605.1
17300000 -13603
17400000 -13608.3
17500000 -13605.7
17600000 -13612.3
17700000 -13598.3
17800000 -13603.8
17900000 -13607.7
18000000 -13600.3
18100000 -13596.4
18200000 -13602.8
18300000 -13601.7
18400000 -13599.8
18500000 -13607.6
18600000 -13603.9
18700000 -13595.6
18800000 -13605
18900000 -13606.9
19000000 -13602.4
19100000 -13607
19200000 -13604.2
19300000 -13599.8
19400000 -13596.3
19500000 -13608.8
19600000 -13598.8
19700000 -13612.5
19800000 -13610.6
19900000 -13608.6
20000000 -13605.6
20100000 -13601.7
20200000 -13611.2
20300000 -13606.8
20400000 -13607.5
20500000 -13600
20600000 -13595.7
20700000 -13600.6
20800000 -13597.8
20900000 -13604
21000000 -13602.2
21100000 -13600.9
21200000 -13604.3
21300000 -13605.7
21400000 -13600.9
21500000 -13606.5
21600000 -13602.8
21700000 -13603.7
21800000 -13602.7
21900000 -13603.3
22000000 -13604.7
22100000 -13603.4
22200000 -13601.8
22300000 -13603.4
22400000 -13609.8
22500000 -13607.8
22600000 -13602.3
22700000 -13608.5
22800000 -13602.7
22900000 -13601.9
23000000 -13606.7
23100000 -13603.9
23200000 -13604.9
23300000 -13614.9
23400000 -13607.6
23500000 -13599
23600000 -13598.4
23700000 -13597.1
23800000 -13602.6
23900000 -13602.3
24000000 -13601
24100000 -13599.5
24200000 -13604.6
24300000 -13602.5
24400000 -13601.6
24500000 -13605.1
24600000 -13610.2
24700000 -13604.6
24800000 -13600.8
24900000 -13601.3
25000000 -13606
25100000 -13598.1
25200000 -13600.6
25300000 -13605.5
25400000 -13607.2
25500000 -13605.7
25600000 -13596.7
25700000 -13607.2
25800000 -13606.3
25900000 -13600.9
26000000 -13599.9
26100000 -13599
26200000 -13607
26300000 -13600.1
26400000 -13600
26500000 -13607.6
26600000 -13597
26700000 -13605.9
26800000 -13602
26900000 -13600.3
27000000 -13601.2
27100000 -13604.8
27200000 -13607.5
27300000 -13606.3
27400000 -13600.9
27500000 -13601
27600000 -13602.8
27700000 -13604.1
27800000 -13606.9
27900000 -13606.4
28000000 -13607.2
28100000 -13595.9
28200000 -13607.6
28300000 -13600.5
28400000 -13603.4
28500000 -13605.5
28600000 -13600.3
28700000 -13605
28800000 -13602.6
28900000 -13601.3
29000000 -13603.4
29100000 -13599.6
29200000 -13607.5
29300000 -13596.8
29400000 -13602.1
29500000 -13607.4
29600000 -13600.4
29700000 -13606.5
29800000 -13601.1
29900000 -13604.2
30000000 -13602.8
30100000 -13600.1
30200000 -13599.7
30300000 -13608
30400000 -13601.1
30500000 -13602.3
30600000 -13607.8
30700000 -13604.2
30800000 -13600.2
30900000 -13600.1
31000000 -13608.3
31100000 -13606.9
31200000 -13601
31300000 -13604.6
31400000 -13603.3
31500000 -13604.5
31600000 -13605.7
31700000 -13601.6
31800000 -13607.9
31900000 -13612.8
32000000 -13608.3
32100000 -13607.6
32200000 -13606.4
32300000 -13603.3
32400000 -13595.4
32500000 -13597.2
32600000 -13607.4
32700000 -13599.3
32800000 -13604.1
32900000 -13610.2
33000000 -13601.8
33100000 -13601.1
33200000 -13611.8
33300000 -13604
33400000 -13609.9
33500000 -13606.4
33600000 -13608.3
33700000 -13606
33800000 -13603.8
33900000 -13599.2
34000000 -13607.9
34100000 -13607.6
34200000 -13604.4
34300000 -13604.1
34400000 -13602.8
34500000 -13603.2
34600000 -13601.1
34700000 -13608.1
34800000 -13601.2
34900000 -13604.2
35000000 -13596.7
35100000 -13603
35200000 -13604.7
35300000 -13603.1
35400000 -13603.9
35500000 -13607.8
35600000 -13592.5
35700000 -13605.8
35800000 -13595.1
35900000 -13601.4
36000000 -13600
36100000 -13600.7
36200000 -13602
36300000 -13604.1
36400000 -13597.1
36500000 -13600.7
36600000 -13606.9
36700000 -13597.9
36800000 -13596.2
36900000 -13606.3
37000000 -13601.3
37100000 -13603.1
37200000 -13598.6
37300000 -13601.6
37400000 -13599.2
37500000 -13600.3
37600000 -13597.6
37700000 -13606.8
37800000 -13604.1
37900000 -13601.9
38000000 -13604.9
38100000 -13605.2
38200000 -13604.4
38300000 -13606.5
38400000 -13610.9
38500000 -13601.3
38600000 -13605.4
38700000 -13602.7
38800000 -13611.4
38900000 -13605.9
39000000 -13601.3
39100000 -13604.1
39200000 -13601.1
39300000 -13604.2
39400000 -13600.4
39500000 -13596.5
39600000 -13609.5
39700000 -13596
39800000 -13608.9
39900000 -13600.9
40000000 -13602.7
40100000 -13605.3
40200000 -13605.9
40300000 -13600.3
40400000 -13601.5
40500000 -13604.8
40600000 -13599
40700000 -13609.4
40800000 -13600.5
40900000 -13602
41000000 -13604.8
41100000 -13604.4
41200000 -13602.7
41300000 -13602
41400000 -13600.3
41500000 -13605.1
41600000 -13597.2
41700000 -13607.4
41800000 -13597
41900000 -13601.1
42000000 -13596.2
42100000 -13610.2
42200000 -13605.8
42300000 -13603.7
42400000 -13605.8
42500000 -13602.7
42600000 -13596.7
42700000 -13604.4
42800000 -13606.4
42900000 -13605.6
43000000 -13606.3
43100000 -13599.9
43200000 -13603.2
43300000 -13600.9
43400000 -13599.3
43500000 -13605.4
43600000 -13598.2
43700000 -13602.1
43800000 -13593.9
43900000 -13601.2
44000000 -13602.8
44100000 -13602.3
44200000 -13607.4
44300000 -13598.2
44400000 -13604.9
44500000 -13607.8
44600000 -13601.1
44700000 -13603.7
44800000 -13606.6
44900000 -13608.6
45000000 -13606.6
45100000 -13604.8
45200000 -13603.8
45300000 -13595.3
45400000 -13605.8
45500000 -13607.1
45600000 -13602
45700000 -13608.4
45800000 -13600.4
45900000 -13610.6
46000000 -13600.1
46100000 -13594.4
46200000 -13600.2
46300000 -13599.9
46400000 -13604.8
46500000 -13599.5
46600000 -13599
46700000 -13598.9
46800000 -13597.2
46900000 -13607.4
47000000 -13601.5
47100000 -13607.8
47200000 -13603.4
47300000 -13607.4
47400000 -13610.8
47500000 -13605.1
47600000 -13599
47700000 -13598.9
47800000 -13604.8
47900000 -13602
48000000 -13600.8
48100000 -13603.8
48200000 -13605.9
48300000 -13599
48400000 -13601.3
48500000 -13598.4
48600000 -13605.4
48700000 -13610.4
48800000 -13598.5
48900000 -13607.9
49000000 -13603.5
49100000 -13605.3
49200000 -13609.5
49300000 -13609.8
49400000 -13604.9
49500000 -13601.4
49600000 -13605.4
49700000 -13611.2
49800000 -13610.7
49900000 -13603
50000000 -13607
50100000 -13597.4
50200000 -13598.7
50300000 -13600.2
50400000 -13602
50500000 -13603.4
50600000 -13605.2
50700000 -13597.7
50800000 -13606.1
50900000 -13600.5
51000000 -13603.3
51100000 -13604.8
51200000 -13601.7
51300000 -13609.9
51400000 -13604.3
51500000 -13597.2
51600000 -13598.4
51700000 -13601.9
51800000 -13604.4
51900000 -13604.2
52000000 -13605.8
52100000 -13600.7
52200000 -13607.5
52300000 -13609.6
52400000 -13598.4
52500000 -13602.2
52600000 -13612.4
52700000 -13603.9
52800000 -13600.8
52900000 -13595.2
53000000 -13600
53100000 -13611
53200000 -13606.7
53300000 -13599.9
53400000 -13605.3
53500000 -13597.2
53600000 -13608.5
53700000 -13611
53800000 -13604.8
53900000 -13602.2
54000000 -13605
54100000 -13601.1
54200000 -13599.3
54300000 -13600.9
54400000 -13609.3
54500000 -13603.3
54600000 -13599.9
54700000 -13606.7
54800000 -13604.3
54900000 -13603.8
55000000 -13604.5
55100000 -13605.4
55200000 -13598.3
55300000 -13599.1
55400000 -13609.5
55500000 -13598.7
55600000 -13601.2
55700000 -13603.1
55800000 -13605.2
55900000 -13607.9
56000000 -13598.3
56100000 -13598.2
56200000 -13602.2
56300000 -13607.9
56400000 -13606
56500000 -13601.1
56600000 -13609.2
56700000 -13602.2
56800000 -13608.6
56900000 -13603.8
57000000 -13598.4
57100000 -13610.2
57200000 -13601.9
57300000 -13601.2
57400000 -13597.8
57500000 -13610.2
57600000 -13607.6
57700000 -13602.3
57800000 -13605.9
57900000 -13598.9
58000000 -13607
58100000 -13602.3
58200000 -13601.9
58300000 -13604.2
58400000 -13601.2
58500000 -13607.5
58600000 -13603.8
58700000 -13598.2
58800000 -13603.6
58900000 -13605
59000000 -13607.4
59100000 -13594.7
59200000 -13597.8
59300000 -13610.1
59400000 -13602.8
59500000 -13608.7
59600000 -13601.4
59700000 -13606.4
59800000 -13602.5
59900000 -13608.1
60000000 -13610.6
60100000 -13600.1
60200000 -13606.5
60300000 -13605.2
60400000 -13606.6
60500000 -13600.6
60600000 -13597.2
60700000 -13613
60800000 -13605.1
60900000 -13594.3
61000000 -13599.7
61100000 -13604.1
61200000 -13612.5
61300000 -13606.6
61400000 -13605.6
61500000 -13610.7
61600000 -13596.9
61700000 -13604
61800000 -13599.9
61900000 -13597.1
62000000 -13608.2
62100000 -13604.8
62200000 -13601.3
62300000 -13603.5
62400000 -13602.8
62500000 -13611.3
62600000 -13612.2
62700000 -13600
62800000 -13601
62900000 -13601.6
63000000 -13600.5
63100000 -13606.4
63200000 -13606.2
63300000 -13605.4
63400000 -13603.4
63500000 -13600.8
63600000 -13607.1
63700000 -13604.8
63800000 -13601
63900000 -13607.1
64000000 -13600.3
64100000 -13595
64200000 -13598.2
64300000 -13601.4
64400000 -13604.8
64500000 -13601.3
64600000 -13600.7
64700000 -13600.2
64800000 -13604.1
64900000 -13606.5
65000000 -13605.8
65100000 -13601.1
65200000 -13601.3
65300000 -13601.9
65400000 -13597.7
65500000 -13597.1
65600000 -13595.1
65700000 -13595
65800000 -13603
65900000 -13606
66000000 -13607.1
66100000 -13612.2
66200000 -13609.3
66300000 -13606.1
66400000 -13604.1
66500000 -13606.9
66600000 -13594.9
66700000 -13602.2
66800000 -13605.5
66900000 -13600.8
67000000 -13604.2
67100000 -13598.3
67200000 -13609.8
67300000 -13602.8
67400000 -13603.9
67500000 -13604.6
67600000 -13606.5
67700000 -13600.5
67800000 -13602.4
67900000 -13602.1
68000000 -13608.5
68100000 -13604.1
68200000 -13602.8
68300000 -13605.8
68400000 -13603.4
68500000 -13607
68600000 -13600
68700000 -13606.2
68800000 -13595.6
68900000 -13604
69000000 -13606.1
69100000 -13607.7
69200000 -13597.6
69300000 -13601.4
69400000 -13603.8
69500000 -13607.1
69600000 -13602.3
69700000 -13601.4
69800000 -13605.6
69900000 -13606.5
70000000 -13607.3
70100000 -13604.9
70200000 -13608.5
70300000 -13611.6
70400000 -13605.7
70500000 -13605.3
70600000 -13609.7
70700000 -13597.6
70800000 -13603.5
70900000 -13600.8
71000000 -13601.4
71100000 -13603.7
71200000 -13598.4
71300000 -13599.7
71400000 -13602.1
71500000 -13610.1
71600000 -13599.3
71700000 -13606.7
71800000 -13606
71900000 -13601.7
72000000 -13605.1
72100000 -13605.5
72200000 -13609.2
72300000 -13609
72400000 -13603.1
72500000 -13610
72600000 -13597.5
72700000 -13599.3
72800000 -13603.3
72900000 -13604.8
73000000 -13602.9
73100000 -13604.3
73200000 -13600.6
73300000 -13604.7
73400000 -13601.6
73500000 -13596.8
73600000 -13601.5
73700000 -13605.7
73800000 -13602.9
73900000 -13599.7
74000000 -13598.9
74100000 -13606
74200000 -13610.1
74300000 -13603.6
74400000 -13597.2
74500000 -13601.2
74600000 -13593.6
74700000 -13607.1
74800000 -13605.8
74900000 -13606.6
75000000 -13605.1
75100000 -13600.7
75200000 -13606.2
75300000 -13605.7
75400000 -13598.8
75500000 -13603.4
75600000 -13605.8
75700000 -13603.6
75800000 -13611.8
75900000 -13595.8
76000000 -13606.2
76100000 -13608.6
76200000 -13599.8
76300000 -13601
76400000 -13602.4
76500000 -13600.4
76600000 -13602.2
76700000 -13603.7
76800000 -13605.4
76900000 -13598.6
77000000 -13598
77100000 -13599.2
77200000 -13598
77300000 -13599.5
77400000 -13606.3
77500000 -13600.8
77600000 -13596.9
77700000 -13602.1
77800000 -13609.7
77900000 -13607.3
78000000 -13598.1
78100000 -13609.1
78200000 -13603.5
78300000 -13602.4
78400000 -13601
78500000 -13601.7
78600000 -13598.3
78700000 -13598.1
78800000 -13610.7
78900000 -13594.8
79000000 -13596.4
79100000 -13604.1
79200000 -13602.9
79300000 -13606.8
79400000 -13604.3
79500000 -13605
79600000 -13594.4
79700000 -13598.9
79800000 -13596.9
79900000 -13595.6
80000000 -13600.5
80100000 -13602.6
80200000 -13600.7
80300000 -13606.4
80400000 -13602.3
80500000 -13591.9
80600000 -13595.4
80700000 -13608
80800000 -13603.9
80900000 -13608.6
81000000 -13601.6
81100000 -13604
81200000 -13604.8
81300000 -13602.4
81400000 -13602.1
81500000 -13601.9
81600000 -13591.8
81700000 -13598.2
81800000 -13602.2
81900000 -13602.1
82000000 -13606.9
82100000 -13593.9
82200000 -13600.9
82300000 -13600.3
82400000 -13610.1
82500000 -13607.5
82600000 -13599.5
82700000 -13602.9
82800000 -13607.3
82900000 -13603.3
83000000 -13609.3
83100000 -13606.8
83200000 -13603.5
83300000 -13607.2
83400000 -13612.7
83500000 -13606.3
83600000 -13599.6
83700000 -13601.4
83800000 -13601.4
83900000 -13603.9
84000000 -13600.2
84100000 -13599.1
84200000 -13607.9
84300000 -13607.4
84400000 -13607.9
84500000 -13614.6
84600000 -13604.2
84700000 -13608.2
84800000 -13598.5
84900000 -13604
85000000 -13599
85100000 -13605.8
85200000 -13611
85300000 -13618.2
85400000 -13608
85500000 -13603.7
85600000 -13604.8
85700000 -13608.9
85800000 -13604.9
85900000 -13610.6
86000000 -13603.4
86100000 -13600.1
86200000 -13605.2
86300000 -13598.4
86400000 -13605.3
86500000 -13605.6
86600000 -13597.2
86700000 -13607.2
86800000 -13598.6
86900000 -13605.8
87000000 -13604.4
87100000 -13609.8
87200000 -13600.6
87300000 -13611.5
87400000 -13603.3
87500000 -13604.8
87600000 -13608.9
87700000 -13609.5
87800000 -13607.1
87900000 -13601.9
88000000 -13601
88100000 -13602.1
88200000 -13602
88300000 -13603.2
88400000 -13603.9
88500000 -13609.3
88600000 -13602.8
88700000 -13607.8
88800000 -13602.6
88900000 -13600.9
89000000 -13601
89100000 -13603.8
89200000 -13601.6
89300000 -13599.8
89400000 -13600.4
89500000 -13598.9
89600000 -13607.8
89700000 -13599.6
89800000 -13610.2
89900000 -13601
90000000 -13599.5
90100000 -13597.8
90200000 -13606.5
90300000 -13598.5
90400000 -13605.2
90500000 -13616
90600000 -13598.9
90700000 -13602.7
90800000 -13609.5
90900000 -13596.9
91000000 -13613.6
91100000 -13609.7
91200000 -13605.6
91300000 -13601.1
91400000 -13600.9
91500000 -13600.9
91600000 -13609.8
91700000 -13606.9
91800000 -13602.4
91900000 -13607.9
92000000 -13602.5
92100000 -13602.4
92200000 -13596.9
92300000 -13607.8
92400000 -13600.3
92500000 -13601.2
92600000 -13610
92700000 -13607.4
92800000 -13605.8
92900000 -13601.9
93000000 -13610.8
93100000 -13598.3
93200000 -13600.5
93300000 -13605.6
93400000 -13602.8
93500000 -13598.1
93600000 -13606.8
93700000 -13612.2
93800000 -13601.2
93900000 -13599
94000000 -13605
94100000 -13598.1
94200000 -13595.7
94300000 -13601.5
94400000 -13604.9
94500000 -13612.5
94600000 -13600.3
94700000 -13601.2
94800000 -13603.6
94900000 -13602.1
95000000 -13602.1
95100000 -13599.7
95200000 -13606.3
95300000 -13603.7
95400000 -13602.7
95500000 -13599.4
95600000 -13600.6
95700000 -13599.2
95800000 -13601.4
95900000 -13601
96000000 -13605
96100000 -13611.7
96200000 -13608.9
96300000 -13606.3
96400000 -13609.2
96500000 -13604.8
96600000 -13607.9
96700000 -13607.5
96800000 -13604.1
96900000 -13601.7
97000000 -13606.9
97100000 -13597
97200000 -13607.2
97300000 -13599.6
97400000 -13605
97500000 -13605.6
97600000 -13601.5
97700000 -13601.9
97800000 -13609.6
97900000 -13599.4
98000000 -13599.3
98100000 -13604.6
98200000 -13605.1
98300000 -13605
98400000 -13601.2
98500000 -13609.5
98600000 -13609.7
98700000 -13605
98800000 -13600.8
98900000 -13608.3
99000000 -13607.8
99100000 -13605
99200000 -13603.6
99300000 -13597.9
99400000 -13608.2
99500000 -13611
99600000 -13602.1
99700000 -13609.5
99800000 -13605.2
99900000 -13600.5
100000000 -13604.2
