#NOTE: MSDs should be divided by (temperature^2).
#NOTE: MSDs have been divided by 2.
#Time	MSD_x	MSD_y	MSD_z	MSD_all
 20 86.3576 86.415 86.446 86.4062
 40 124.288 124.288 124.501 124.359
 60 162.987 163.078 163.345 163.137
 80 206.332 206.646 206.867 206.615
 100 252.081 252.336 252.737 252.384
 120 293.579 294.001 294.169 293.916
 140 337.871 338.384 338.462 338.239
 160 380.969 381.46 381.552 381.327
 180 422.957 423.41 423.468 423.278
 200 463.209 463.621 463.611 463.48
 220 502.625 502.801 502.808 502.745
 240 541.096 541.126 541.274 541.165
 260 578.675 578.647 578.807 578.71
 280 615.642 615.685 615.686 615.671
 300 651.886 651.877 651.854 651.872
 320 687.81 687.606 687.484 687.633
 340 722.965 722.795 722.505 722.755
 360 757.726 757.47 757.066 757.42
 380 792.023 791.67 791.079 791.591
 400 825.882 825.462 824.603 825.316
 400 825.033 825.497 826.676 825.735
 800 1446.21 1446.87 1443.3 1445.46
 1200 2038.38 2042.16 2025.55 2035.36
 1600 2622.82 2626.52 2603.79 2617.71
 2000 3200.57 3203.76 3171.78 3192.04
 2400 3776.08 3779.73 3734.7 3763.5
 2800 4348.75 4349.96 4291.12 4329.94
 3200 4922.71 4917.7 4847.21 4895.88
 3600 5492.69 5481.44 5400.76 5458.3
 4000 6065.36 6042.25 5954.81 6020.8
 4400 6643.53 6603.43 6508.6 6585.18
 4800 7221.33 7159.61 7059.86 7146.93
 5200 7794.87 7714.84 7612.62 7707.44
 5600 8372.75 8271.82 8163.33 8269.3
 6000 8951 8825.23 8710.92 8829.05
 6400 9523.14 9381.66 9258.67 9387.82
 6800 10094.2 9931.5 9803.35 9943.01
 7200 10665 10482 10348.8 10498.6
 7600 11237.5 11031.8 10892.2 11053.9
 8000 11811.1 11580.6 11441.6 11611.1
 8000 11805.2 11479.8 11338 11541
 16000 23025.1 22467.2 22312.1 22601.5
 24000 34024.9 33236.3 33546.1 33602.4
 32000 44830 44043.5 44416.4 44430
 40000 55493.6 54822.3 55206.5 55174.1
 48000 66122.6 65751.6 65960.7 65945
 56000 76807.2 76406 76883 76698.8
 64000 87408.4 86921.9 87620.2 87316.8
 72000 98079.3 97530.2 98452.6 98020.7
 80000 108912 107789 109399 108700
 88000 119483 118107 120430 119340
 96000 129828 128442 131678 129983
 104000 140559 138892 142789 140747
 112000 151176 149589 154015 151593
 120000 161926 160197 165265 162463
 128000 172773 170837 176250 173287
 136000 183547 181610 187369 184175
 144000 194533 192269 198604 195136
 152000 205327 203128 209918 206124
 160000 216265 214180 221289 217245
 160000 206560 219341 231085 218995
 320000 419991 446263 456565 440940
 480000 613683 653625 674058 647122
 640000 824698 852262 905596 860852
 800000 1.02166e+06 1.03947e+06 1.14691e+06 1.06935e+06
 960000 1.2063e+06 1.20149e+06 1.36628e+06 1.25802e+06
 1.12e+06 1.40823e+06 1.34905e+06 1.58928e+06 1.44886e+06
 1.28e+06 1.63275e+06 1.49222e+06 1.83216e+06 1.65238e+06
 1.44e+06 1.85481e+06 1.66612e+06 2.04619e+06 1.8557e+06
 1.6e+06 2.09086e+06 1.83075e+06 2.24227e+06 2.05462e+06
 1.76e+06 2.33391e+06 1.99219e+06 2.42634e+06 2.25081e+06
 1.92e+06 2.57575e+06 2.1432e+06 2.63061e+06 2.44985e+06
 2.08e+06 2.81588e+06 2.27117e+06 2.8366e+06 2.64122e+06
 2.24e+06 3.03883e+06 2.4181e+06 3.03301e+06 2.82998e+06
 2.4e+06 3.25223e+06 2.58606e+06 3.23217e+06 3.02349e+06
 2.56e+06 3.44065e+06 2.7478e+06 3.43217e+06 3.20687e+06
 2.72e+06 3.60355e+06 2.87939e+06 3.61907e+06 3.36734e+06
 2.88e+06 3.77321e+06 3.03342e+06 3.85545e+06 3.55403e+06
 3.04e+06 3.94936e+06 3.17657e+06 4.09078e+06 3.7389e+06
 3.2e+06 4.13081e+06 3.32691e+06 4.31734e+06 3.92502e+06
 3.2e+06 3.37818e+06 3.516e+06 3.99414e+06 3.62944e+06
 6.4e+06 4.19262e+06 5.63801e+06 8.48988e+06 6.10684e+06
 9.6e+06 6.06016e+06 9.20471e+06 1.25624e+07 9.27576e+06
 1.28e+07 8.79978e+06 1.30185e+07 1.67033e+07 1.28405e+07
 1.6e+07 1.03843e+07 1.70883e+07 2.10199e+07 1.61642e+07
 1.92e+07 1.26841e+07 2.27251e+07 2.5131e+07 2.01801e+07
 2.24e+07 1.464e+07 2.69684e+07 2.87884e+07 2.34656e+07
 2.56e+07 1.43533e+07 3.17079e+07 3.41744e+07 2.67452e+07
 2.88e+07 1.42852e+07 3.7409e+07 3.95949e+07 3.04297e+07
 3.2e+07 1.54574e+07 4.29301e+07 4.66623e+07 3.50166e+07
 3.52e+07 1.75391e+07 4.72666e+07 5.42354e+07 3.96803e+07
 3.84e+07 1.93768e+07 5.04742e+07 6.31957e+07 4.43489e+07
 4.16e+07 2.2073e+07 5.59686e+07 7.39078e+07 5.06498e+07
 4.48e+07 2.34316e+07 5.76595e+07 8.69398e+07 5.60103e+07
 4.8e+07 2.58743e+07 6.36432e+07 1.05627e+08 6.50481e+07
 5.12e+07 2.78145e+07 6.70506e+07 1.25187e+08 7.33507e+07
 5.44e+07 2.9799e+07 7.35925e+07 1.41932e+08 8.17744e+07
 5.76e+07 3.53957e+07 8.21425e+07 1.50494e+08 8.9344e+07
 6.08e+07 3.91995e+07 8.96983e+07 1.58418e+08 9.57718e+07
 6.4e+07 4.47798e+07 1.04072e+08 1.70366e+08 1.06406e+08
 6.4e+07 1.2066e+06 9.65169e+07 1.82766e+08 9.34967e+07
